Mon Aug 15 16:15:52 2005

 inst  m   W   SVC:tm it:all best Tm:1dh 1dv cg  UB  LBh  LBv
   1   20   30 0.02 1000   92 0.02 0.04   60%   23   22   22
   2   20   30 0.02 1000   48 0.04    0   75%   15   15    0
   3   20   30 0.02 1000   70 0.03 0.03   79%   23   22   22
   4   20   30 0.02 1000    6 0.04 0.03   42%   17   16   16
   5   20   30 0.02 1000   16 0.02 0.04  100%   19   18   18
   6   20   30 0.02 1000  398 0.02 0.03   60%   26   25   25
   7   20   30 0.02 1000   17 0.03 0.03   66%   19   18   18
   8   20   30 0.02 1000   91 0.05 0.04   87%   18   17   17
   9   20   30 0.02 1000   16 0.04 0.04   87%   22   21   21
  10   20   30 0.02 1000   93 0.04    0   75%   23   23    0
  11   40   30 0.03 1000  125  0.1    0   50%   30   30    0
  12   40   30 0.04 1000   71  0.1 0.09   49%   37   36   36
  13   40   30 0.04 1000  148 0.09 0.11   69%   48   47   47
  14   40   30 0.04 1000  424  0.1    0   90%   42   42    0
  15   40   30 0.04 1000  319 0.12 0.12   70%   47   46   46
  16   40   30 0.04 1000  145 0.08    0   37%   36   36    0
  17   40   30 0.04 1000   18 0.11 0.11   54%   37   36   36
  18   40   30 0.04 1000  297 0.08 0.08   66%   50   49   49
  19   40   30 0.04 1000  220 0.07 0.08   64%   35   34   34
  20   40   30 0.04 1000  221 0.09    0   50%   35   35    0
  21   60   30 0.07 1000  420 0.21 0.25   69%   68   67   67
  22   60   30 0.06 1000  342 0.17 0.24   39%   60   59   59
  23   60   30 0.06 1000  324 0.18 0.16   64%   62   61   61
  24   60   30 0.06 1000  699 0.15  0.2   51%   62   61   61
  25   60   30 0.06 1000  391 0.17 0.19   63%   56   55   55
  26   60   30 0.06 1000  150 0.18    0   77%   56   56    0
  27   60   30 0.06 1000  421 0.18    0   72%   50   50    0
  28   60   30 0.06 1000  320 0.14 0.26   57%   64   63   63
  29   60   30 0.07 1000  720 0.14 0.23   67%   59   58   58
  30   60   30 0.06 1000   21  0.2 0.21   60%   72   71   71
  31   80   30 0.09 1000  220 0.29 0.33   57%   77   76   76
  32   80   30 0.09 1000   95 0.31 0.38   57%   82   81   81
  33   80   30 0.09 1000  349 0.33 0.41   55%   78   77   77
  34   80   30 0.09 1000  472 0.32 0.43   57%   83   82   82
  35   80   30 0.09 1000  671  0.3 0.48   51%   80   79   79
  36   80   30 0.09 1000  242 0.28 0.42   46%   86   85   85
  37   80   30 0.09 1000  772 0.24 0.35   60%   91   89   89
  38   80   30  0.1 1000   24 0.27 0.57   50%   91   89   89
  39   80   30 0.09 1000  192 0.29 0.36   44%   95   93   93
  40   80   30 0.09 1000  493 0.27 0.45   54%   82   81   81
  41  100   30 0.13 1000  374 0.36 0.71   41%   93   92   92
  42  100   30 0.12 1000  198 0.39 0.65   37%  103  102  102
  43  100   30 0.12 1000   66 0.39 0.85   45%   90   89   89
  44  100   30 0.12 1000   67 0.36  0.6   55%   98   97   97
  45  100   30 0.13 1000  247 0.38  0.8   44%  103  101  101
  46  100   30 0.13 1000   17 0.43 0.98   51%  115  113  113
  47  100   30 0.12 1000  570 0.43    0   40%   92   92    0
  48  100   30 0.12 1000   74 0.43 0.86   44%  106  105  105
  49  100   30 0.12 1000   71 0.49 0.94   46%  101  100  100
  50  100   30 0.12 1000  871 0.38 0.81   50%  116  114  114

Fri Sep 30 17:34:26 2005
 inst  m   W   SVC: UB  tm it:all best Tm:1dh 1dv cg  LBh  LBv
1 20 30 22 2.91 100000 17596 0 0 6.71 0 0 
2 20 30 15 2.77 100000 371 0 0 0 0 0 
3 20 30 22 2.9 100000 6335 0 0 0 0 0 
4 20 30 16 2.91 100000 1246 0 0 0 0 0 
5 20 30 18 2.96 100000 27822 0 0 2.61 0 0 
6 20 30 25 3.03 100000 1046 0 0 0 0 0 
7 20 30 18 2.8 100000 1441 0 0 0 0 0 
8 20 30 18 2.76 100000 37 0 0 0 0 0 
9 20 30 21 2.89 100000 5791 0 0 0 0 0 
10 20 30 23 2.89 100000 12 0 0 0 0 0 
11 40 30 30 5.36 100000 759 0 0 2.47 0 0 
12 40 30 36 5.71 100000 502 0 0 0 0 0 
13 40 30 47 5.97 100000 745 0 0 0 0 0 
14 40 30 42 5.56 100000 2039 0 0 0.63 0 0 
15 40 30 46 5.75 100000 51280 0 0 1.87 0 0 
16 40 30 36 5.57 100000 470 0 0 0 0 0 
17 40 30 36 5.55 100000 825 0 0 0 0 0 
18 40 30 49 5.59 100000 101 0 0 0 0 0 
19 40 30 34 5.75 100000 360 0 0 0 0 0 
20 40 30 35 5.71 100000 304 0 0 0 0 0 
21 60 30 68 8.94 100000 17 0 0 0.63 0 0 
22 60 30 59 9.07 100000 3695 0 0 0.9 0 0 
23 60 30 61 8.95 100000 2301 0 0 0 0 0 
24 60 30 61 8.94 100000 39455 0 0 1.16 0 0 
25 60 30 56 9.21 100000 508 0 0 0 0 0 
26 60 30 56 8.79 100000 296 0 0 0 0 0 
27 60 30 50 8.48 100000 12 0 0 0 0 0 
28 60 30 63 9.24 100000 64097 0 0 1.05 0 0 
29 60 30 58 8.94 100000 79148 0 0 0 0 0 
30 60 30 71 9.16 100000 23819 0 0 0 0 0 
31 80 30 77 12.71 100000 245 0 0 0.86 0 0 
32 80 30 81 12.26 100000 574 0 0 0.47 0 0 
33 80 30 77 12.41 100000 1319 0 0 0.5 0 0 
34 80 30 82 12.46 100000 410 0 0 0 0 0 
35 80 30 79 12.67 100000 12 0 0 0 0 0 
36 80 30 85 12.84 100000 140 0 0 0 0 0 
37 80 30 90 12.77 100000 323 0 0 0 0 0 
38 80 30 89 12.64 100000 2214 0 0 0 0 0 
39 80 30 94 12.61 100000 16 0 0 0 0 0 
40 80 30 81 12.44 100000 17700 0 0 0.75 0 0 
41 100 30 92 16.86 100000 170 0 0 0.6 0 0 
42 100 30 102 16.85 100000 412 0 0 0.32 0 0 
43 100 30 89 16.42 100000 30 0 0 0 0 0 
44 100 30 97 16.73 100000 610 0 0 0 0 0 
45 100 30 101 16.82 100000 22927 0 0 0.59 0 0 
46 100 30 114 17.13 100000 124 0 0 0 0 0 
47 100 30 92 16.02 100000 48 0 0 0 0 0 
48 100 30 105 16.64 100000 174 0 0 0 0 0 
49 100 30 100 16.53 100000 894 0 0 0 0 0 
50 100 30 115 16.59 100000 149 0 0 0 0 0 

Thu Oct  6 19:12:08 2005
 inst  m   W   SVC: UB  tm it:all best Tm:1dh 1dv cg  LBh  LBv
1 20 30 23 0.61 10000 13 0 0 8.4 0 0 
2 20 30 15 0.55 10000 125 0 0 8.59 0 0 
3 20 30 23 0.62 10000 30 0 0 0 0 0 
4 20 30 16 0.59 10000 47 0 0 0 0 0 
5 20 30 19 0.61 10000 118 0 0 0 0 0 
6 20 30 25 0.64 10000 206 0 0 0 0 0 
7 20 30 18 0.57 10000 571 0 0 6.13 0 0 
8 20 30 18 0.55 10000 27 0 0 0 0 0 
9 20 30 21 0.6 10000 1216 0 0 7.3 0 0 
10 20 30 23 0.59 10000 32 0 0 0 0 0 
11 40 30 30 1.11 10000 1617 0 0 13.31 0 0 
12 40 30 36 1.21 10000 253 0 0 0 0 0 
13 40 30 47 1.26 10000 576 0 0 0 0 0 
14 40 30 42 1.17 10000 1427 0 0 0 0 0 
15 40 30 47 1.21 10000 55 0 0 0 0 0 
16 40 30 36 1.16 10000 201 0 0 0 0 0 
17 40 30 36 1.15 10000 265 0 0 0 0 0 
18 40 30 49 1.19 10000 4860 0 0 5.16 0 0 
19 40 30 34 1.21 10000 455 0 0 0 0 0 
20 40 30 35 1.21 10000 80 0 0 0 0 0 
21 60 30 68 1.84 10000 141 0 0 5.37 0 0 
22 60 30 60 1.88 10000 13 0 0 0 0 0 
23 60 30 61 1.85 10000 1663 0 0 3.95 0 0 
24 60 30 61 1.84 10000 1823 0 0 1.05 0 0 
25 60 30 56 1.93 10000 55 0 0 0 0 0 
26 60 30 56 1.85 10000 880 0 0 0 0 0 
27 60 30 50 1.73 10000 40 0 0 0 0 0 
28 60 30 64 1.89 10000 116 0 0 0 0 0 
29 60 30 59 1.83 10000 265 0 0 0 0 0 
30 60 30 71 1.92 10000 3942 0 0 0 0 0 
31 80 30 77 2.57 10000 458 0 0 4.76 0 0 
32 80 30 81 2.47 10000 1582 0 0 2.84 0 0 
33 80 30 77 2.51 10000 149 0 0 0 0 0 
34 80 30 82 2.54 10000 703 0 0 0 0 0 
35 80 30 79 2.6 10000 1745 0 0 0 0 0 
36 80 30 85 2.62 10000 940 0 0 0 0 0 
37 80 30 90 2.61 10000 713 0 0 0 0 0 
38 80 30 89 2.55 10000 1714 0 0 0 0 0 
39 80 30 94 2.56 10000 1837 0 0 0 0 0 
40 80 30 82 2.55 10000 106 0 0 0 0 0 
41 100 30 92 3.36 10000 228 0 0 3.23 0 0 
42 100 30 102 3.33 10000 1942 0 0 2.23 0 0 
43 100 30 90 3.29 10000 17 0 0 0 0 0 
44 100 30 97 3.31 10000 1778 0 0 0 0 0 
45 100 30 101 3.34 10000 9691 0 0 2.59 0 0 
46 100 30 114 3.39 10000 420 0 0 0 0 0 
47 100 30 92 3.17 10000 92 0 0 0 0 0 
48 100 30 105 3.34 10000 450 0 0 0 0 0 
49 100 30 100 3.31 10000 900 0 0 0 0 0 
50 100 30 115 3.36 10000 581 0 0 0 0 0 

Sun Oct  9 19:18:09 2005
 inst  m   W   SVC: UB  tm it:all best Tm:1dh 1dv cg  LBh  LBv
1 20 30 22 1.44 10000 22 0 0 4.29 0 0 
2 20 30 15 1.18 10000 7 0 0 0 0 0 
3 20 30 23 1.39 10000 7 0 0 0 0 0 
4 20 30 16 1.19 10000 1804 0 0 6.28 0 0 
5 20 30 18 1.15 10000 3541 0 0 6.46 0 0 
6 20 30 25 1.34 10000 2066 0 0 0 0 0 
7 20 30 18 1.26 10000 24 0 0 0 0 0 
8 20 30 18 1.26 10000 1 0 0 0 0 0 
9 20 30 21 1.42 10000 2024 0 0 0 0 0 
10 20 30 23 1.34 10000 99 0 0 0 0 0 
11 40 30 30 3.58 10000 99 0 0 2.56 0 0 
12 40 30 36 3.71 10000 1 0 0 0 0 0 
13 40 30 47 3.9 10000 44 0 0 0 0 0 
14 40 30 42 3.94 10000 43 0 0 0 0 0 
15 40 30 47 3.67 10000 21 0 0 0 0 0 
16 40 30 36 3.69 10000 58 0 0 0 0 0 
17 40 30 36 3.65 10000 107 0 0 0 0 0 
18 40 30 49 3.91 10000 308 0 0 0 0 0 
19 40 30 34 3.85 10000 28 0 0 0 0 0 
20 40 30 35 3.76 10000 31 0 0 0 0 0 
21 60 30 67 7.73 10000 1431 0 0 1.87 0 0 
22 60 30 59 7.56 10000 215 0 0 0 0 0 
23 60 30 61 7.86 10000 1 0 0 0 0 0 
24 60 30 61 7.7 10000 113 0 0 0 0 0 
25 60 30 55 7.7 10000 5413 0 0 1.06 0 0 
26 60 30 56 7.82 10000 30 0 0 0 0 0 
27 60 30 50 7.42 10000 2 0 0 0 0 0 
28 60 30 63 7.92 10000 332 0 0 0 0 0 
29 60 30 58 7.67 10000 732 0 0 0 0 0 
30 60 30 71 8.19 10000 20 0 0 0 0 0 
31 80 30 76 12.66 10000 310 0 0 0.9 0 0 
32 80 30 81 12.18 10000 1 0 0 0 0 0 
33 80 30 77 12.12 10000 10 0 0 0 0 0 
34 80 30 82 12.23 10000 1 0 0 0 0 0 
35 80 30 79 12.39 10000 49 0 0 0 0 0 
36 80 30 85 12.47 10000 2 0 0 0 0 0 
37 80 30 89 12.67 10000 96 0 0 0 0 0 
38 80 30 89 12.62 10000 12 0 0 0 0 0 
39 80 30 93 12.52 10000 1476 0 0 0.55 0 0 
40 80 30 81 12 10000 138 0 0 0 0 0 
41 100 30 92 17.99 10000 1 0 0 0 0 0 
42 100 30 102 18.36 10000 65 0 0 0.22 0 0 
43 100 30 89 18.34 10000 211 0 0 0.27 0 0 
44 100 30 97 18.75 10000 67 0 0 0 0 0 
45 100 30 101 18.76 10000 44 0 0 0 0 0 
46 100 30 113 19.37 10000 251 0 0 0 0 0 
47 100 30 92 18.05 10000 7 0 0 0 0 0 
48 100 30 105 18.16 10000 1 0 0 0 0 0 
49 100 30 100 18.41 10000 57 0 0 0 0 0 
50 100 30 114 18.47 10000 936 0 0 0.29 0 0 

Mon Oct 10 13:59:57 2005
 inst  m   W   SVC: UB  tm it:all best Tm:1dh 1dv cg  LBh  LBv
1 20 30 22 1.43 10000 231 0 0 7.61 0 0 
2 20 30 15 1.16 10000 250 0 0 2.58 0 0 
3 20 30 23 1.42 10000 7 0 0 0 0 0 
4 20 30 16 1.24 10000 236 0 0 0 0 0 
5 20 30 19 1.2 10000 11 0 0 0 0 0 
6 20 30 25 1.32 10000 27 0 0 0 0 0 
7 20 30 18 1.29 10000 24 0 0 0 0 0 
8 20 30 18 1.29 10000 1 0 0 0 0 0 
9 20 30 21 1.39 10000 3048 0 0 5.55 0 0 
10 20 30 23 1.33 10000 72 0 0 0 0 0 
11 40 30 30 3.35 10000 50 0 0 2.33 0 0 
12 40 30 36 3.54 10000 1 0 0 0 0 0 
13 40 30 47 3.83 10000 73 0 0 0.81 0 0 
14 40 30 42 3.82 10000 50 0 0 0 0 0 
15 40 30 46 3.57 10000 215 0 0 1.04 0 0 
16 40 30 36 3.5 10000 20 0 0 0 0 0 
17 40 30 36 3.44 10000 155 0 0 0 0 0 
18 40 30 49 3.62 10000 157 0 0 0 0 0 
19 40 30 34 3.61 10000 37 0 0 0 0 0 
20 40 30 35 3.65 10000 20 0 0 0 0 0 
21 60 30 67 7.22 10000 763 0 0 1.83 0 0 
22 60 30 59 6.9 10000 303 0 0 0 0 0 
23 60 30 61 7.27 10000 1 0 0 0 0 0 
24 60 30 61 6.72 10000 97 0 0 0 0 0 
25 60 30 56 6.85 10000 20 0 0 0 0 0 
26 60 30 56 6.89 10000 29 0 0 0 0 0 
27 60 30 50 6.56 10000 2 0 0 0 0 0 
28 60 30 63 7 10000 386 0 0 0 0 0 
29 60 30 58 6.88 10000 319 0 0 0 0 0 
30 60 30 71 7.4 10000 115 0 0 0 0 0 
31 80 30 76 10.82 10000 290 0 0 1.04 0 0 
32 80 30 81 10.95 10000 1 0 0 0 0 0 
33 80 30 77 10.58 10000 28 0 0 0 0 0 
34 80 30 82 10.6 10000 1 0 0 0 0 0 
35 80 30 79 11.16 10000 1 0 0 0 0 0 
36 80 30 85 11.06 10000 1 0 0 0 0 0 
37 80 30 89 11.46 10000 194 0 0 0 0 0 
38 80 30 89 11.08 10000 89 0 0 0 0 0 
39 80 30 93 11.18 10000 1740 0 0 0.62 0 0 
40 80 30 81 10.96 10000 148 0 0 0 0 0 
41 100 30 92 15.16 10000 1 0 0 0 0 0 
42 100 30 102 15.62 10000 5 0 0 0.1 0 0 
43 100 30 89 15.63 10000 171 0 0 0.32 0 0 
44 100 30 97 15.61 10000 22 0 0 0 0 0 
45 100 30 101 15.51 10000 29 0 0 0 0 0 
46 100 30 113 16.64 10000 74 0 0 0 0 0 
47 100 30 92 14.69 10000 13 0 0 0 0 0 
48 100 30 105 15.54 10000 15 0 0 0 0 0 
49 100 30 100 15.59 10000 77 0 0 0 0 0 
50 100 30 114 15.88 10000 125 0 0 0 0 0 

Mon Oct 10 18:25:22 2005
 inst  m   W   SVC: UB  tm it:all best Tm:1dh 1dv cg  LBh  LBv
1 20 30 22 0.95 10000 1010 0 0 14.56 0 0 
2 20 30 15 0.81 10000 21 0 0 0 0 0 
3 20 30 23 0.95 10000 14 0 0 0 0 0 
4 20 30 16 0.89 10000 5016 0 0 9.31 0 0 
5 20 30 19 0.8 10000 29 0 0 0 0 0 
6 20 30 25 0.89 10000 1764 0 0 0 0 0 
7 20 30 19 0.93 10000 3 0 0 0 0 0 
8 20 30 18 0.87 10000 9 0 0 0 0 0 
9 20 30 21 0.92 10000 5024 0 0 0 0 0 
10 20 30 23 0.89 10000 19 0 0 0 0 0 
11 40 30 30 2.09 10000 6 0 0 1.71 0 0 
12 40 30 36 2.18 10000 62 0 0 1.85 0 0 
13 40 30 47 2.19 10000 102 0 0 1.62 0 0 
14 40 30 42 2.29 10000 40 0 0 0 0 0 
15 40 30 46 2.17 10000 1311 0 0 3.22 0 0 
16 40 30 36 2.17 10000 24 0 0 0 0 0 
17 40 30 36 2.03 10000 61 0 0 0 0 0 
18 40 30 49 2.12 10000 5068 0 0 3.84 0 0 
19 40 30 34 2.2 10000 76 0 0 0 0 0 
20 40 30 35 2.25 10000 114 0 0 0 0 0 
21 60 30 68 3.93 10000 25 0 0 1.63 0 0 
22 60 30 59 3.85 10000 1249 0 0 1.84 0 0 
23 60 30 61 3.93 10000 183 0 0 0 0 0 
24 60 30 61 3.71 10000 132 0 0 0 0 0 
25 60 30 56 4.08 10000 27 0 0 0 0 0 
26 60 30 56 3.81 10000 124 0 0 0 0 0 
27 60 30 50 3.65 10000 19 0 0 0 0 0 
28 60 30 63 4.03 10000 1104 0 0 0 0 0 
29 60 30 58 3.86 10000 424 0 0 0 0 0 
30 60 30 71 4.04 10000 798 0 0 0 0 0 
31 80 30 76 5.87 10000 183 0 0 1.77 0 0 
32 80 30 81 5.88 10000 63 0 0 0 0 0 
33 80 30 77 5.56 10000 43 0 0 0 0 0 
34 80 30 82 5.54 10000 65 0 0 0 0 0 
35 80 30 79 6.05 10000 21 0 0 0 0 0 
36 80 30 85 5.77 10000 16 0 0 0 0 0 
37 80 30 89 5.74 10000 821 0 0 1.05 0 0 
38 80 30 89 5.75 10000 103 0 0 0 0 0 
39 80 30 93 5.82 10000 288 0 0 0 0 0 
40 80 30 81 5.88 10000 112 0 0 0 0 0 
41 100 30 92 7.87 10000 70 0 0 1.07 0 0 
42 100 30 102 7.91 10000 77 0 0 0.26 0 0 
43 100 30 89 8.5 10000 184 0 0 0.42 0 0 
44 100 30 97 8.23 10000 10 0 0 0 0 0 
45 100 30 101 8.14 10000 234 0 0 0 0 0 
46 100 30 113 8.17 10000 217 0 0 0 0 0 
47 100 30 92 8.07 10000 27 0 0 0 0 0 
48 100 30 105 8.28 10000 7 0 0 0 0 0 
49 100 30 100 8.28 10000 44 0 0 0 0 0 
50 100 30 114 8.5 10000 2112 0 0 0.83 0 0 

Tue Oct 11 12:48:37 2005
 inst  m   W   SVC: UB  tm it:all best Tm:1dh 1dv cg  LBh  LBv
1 20 30 22 0.57 10000 47 0 0 13.5 0 0 
2 20 30 15 0.51 10000 164 0 0 9.35 0 0 
3 20 30 23 0.57 10000 20 0 0 0 0 0 
4 20 30 16 0.56 10000 512 0 0 10.07 0 0 
5 20 30 19 0.56 10000 19 0 0 0 0 0 
6 20 30 25 0.59 10000 372 0 0 0 0 0 
7 20 30 18 0.53 10000 597 0 0 0 0 0 
8 20 30 18 0.52 10000 19 0 0 0 0 0 
9 20 30 21 0.56 10000 4919 0 0 14.39 0 0 
10 20 30 23 0.55 10000 36 0 0 0 0 0 
11 40 30 30 1.01 10000 370 0 0 11.7 0 0 
12 40 30 36 1.1 10000 713 0 0 5.3 0 0 
13 40 30 47 1.14 10000 526 0 0 0 0 0 
14 40 30 43 1.07 10000 19 0 0 0 0 0 
15 40 30 47 1.13 10000 67 0 0 0 0 0 
16 40 30 36 1.08 10000 329 0 0 0 0 0 
17 40 30 36 1.05 10000 3546 0 0 6.97 0 0 
18 40 30 49 1.11 10000 373 0 0 0 0 0 
19 40 30 34 1.12 10000 831 0 0 0 0 0 
20 40 30 35 1.12 10000 70 0 0 0 0 0 
21 60 30 68 1.69 10000 225 0 0 6.4 0 0 
22 60 30 60 1.7 10000 41 0 0 0 0 0 
23 60 30 61 1.68 10000 703 0 0 3.62 0 0 
24 60 30 62 1.7 10000 14 0 0 0 0 0 
25 60 30 56 1.77 10000 182 0 0 0 0 0 
26 60 30 56 1.69 10000 758 0 0 0 0 0 
27 60 30 50 1.59 10000 181 0 0 0 0 0 
28 60 30 64 1.74 10000 91 0 0 0 0 0 
29 60 30 59 1.7 10000 81 0 0 0 0 0 
30 60 30 72 1.78 10000 95 0 0 0 0 0 
31 80 30 77 2.39 10000 134 0 0 4.09 0 0 
32 80 30 81 2.27 10000 2263 0 0 3.37 0 0 
33 80 30 77 2.31 10000 336 0 0 0 0 0 
34 80 30 82 2.32 10000 233 0 0 0 0 0 
35 80 30 79 2.38 10000 78 0 0 0 0 0 
36 80 30 85 2.41 10000 391 0 0 0 0 0 
37 80 30 90 2.42 10000 115 0 0 0 0 0 
38 80 30 89 2.35 10000 271 0 0 0 0 0 
39 80 30 94 2.38 10000 449 0 0 0 0 0 
40 80 30 81 2.31 10000 7136 0 0 3.44 0 0 
41 100 30 92 3.08 10000 193 0 0 3.41 0 0 
42 100 30 102 3.02 10000 318 0 0 1.6 0 0 
43 100 30 89 3.02 10000 3670 0 0 2.66 0 0 
44 100 30 97 3.07 10000 766 0 0 0 0 0 
45 100 30 102 3.11 10000 30 0 0 0 0 0 
46 100 30 113 3.14 10000 7126 0 0 2.44 0 0 
47 100 30 92 2.92 10000 205 0 0 0 0 0 
48 100 30 105 3.05 10000 157 0 0 0 0 0 
49 100 30 100 3.03 10000 765 0 0 0 0 0 
50 100 30 115 3.12 10000 890 0 0 0 0 0 

Fri Oct 21 16:31:43 2005
 inst  m   W   SVC: UB  tm it:all best Tm:1dh 1dv cg  LBh  LBv
1 20 30 22 1.2 10000 2347 0 4.53634e-316 1.17709e-312 -1.07375e+09 0 
2 20 30 15 1.01 10000 26 0 4.53634e-316 1.17709e-312 -1.07375e+09 0 
3 20 30 22 1.2 10000 178 0 4.53634e-316 1.17709e-312 -1.07375e+09 0 
4 20 30 16 1.07 10000 392 0 4.53634e-316 1.17709e-312 -1.07375e+09 0 
5 20 30 18 1.08 10000 5107 0 4.53634e-316 1.17709e-312 -1.07375e+09 0 
6 20 30 25 1.15 10000 116 0 4.53634e-316 1.17709e-312 -1.07375e+09 0 
7 20 30 18 1.13 10000 1 0 4.53634e-316 1.17709e-312 -1.07375e+09 0 
8 20 30 18 1.14 10000 1 0 4.53634e-316 1.17709e-312 -1.07375e+09 0 
9 20 30 22 1.18 10000 7 0 4.53634e-316 1.17709e-312 -1.07375e+09 0 
10 20 30 23 1.16 10000 177 0 4.53634e-316 1.17709e-312 -1.07375e+09 0 
11 40 30 30 3.05 10000 78 0 4.53634e-316 1.17709e-312 -1.07375e+09 0 
12 40 30 36 3.19 10000 8 0 4.53634e-316 1.17709e-312 -1.07375e+09 0 
13 40 30 47 3.27 10000 115 0 4.53634e-316 1.17709e-312 -1.07375e+09 0 
14 40 30 42 3.33 10000 655 0 4.53634e-316 1.17709e-312 -1.07375e+09 0 
15 40 30 46 3.14 10000 4661 0 4.53634e-316 1.17709e-312 -1.07375e+09 0 
16 40 30 36 3.14 10000 21 0 4.53634e-316 1.17709e-312 -1.07375e+09 0 
17 40 30 36 2.92 10000 72 0 4.53634e-316 1.17709e-312 -1.07375e+09 0 
18 40 30 49 3.13 10000 121 0 4.53634e-316 1.17709e-312 -1.07375e+09 0 
19 40 30 34 3.16 10000 105 0 4.53634e-316 1.17709e-312 -1.07375e+09 0 
20 40 30 35 3.19 10000 34 0 4.53634e-316 1.17709e-312 -1.07375e+09 0 
21 60 30 67 6.41 10000 1263 0 4.53634e-316 1.17709e-312 -1.07375e+09 0 
22 60 30 59 6.08 10000 276 0 4.53634e-316 1.17709e-312 -1.07375e+09 0 
23 60 30 61 6.4 10000 20 0 4.53634e-316 1.17709e-312 -1.07375e+09 0 
24 60 30 61 5.86 10000 163 0 4.53634e-316 1.17709e-312 -1.07375e+09 0 
25 60 30 55 6.22 10000 1113 0 4.53634e-316 1.17709e-312 -1.07375e+09 0 
26 60 30 56 6.03 10000 63 0 4.53634e-316 1.17709e-312 -1.07375e+09 0 
27 60 30 50 5.92 10000 1 0 4.53634e-316 1.17709e-312 -1.07375e+09 0 
28 60 30 63 6.25 10000 216 0 4.53634e-316 1.17709e-312 -1.07375e+09 0 
29 60 30 58 6.01 10000 939 0 4.53634e-316 1.17709e-312 -1.07375e+09 0 
30 60 30 71 6.42 10000 269 0 4.53634e-316 1.17709e-312 -1.07375e+09 0 
31 80 30 76 9.6 10000 349 0 4.53634e-316 1.17709e-312 -1.07375e+09 0 
32 80 30 81 9.57 10000 1 0 4.53634e-316 1.17709e-312 -1.07375e+09 0 
33 80 30 77 9.51 10000 40 0 4.53634e-316 1.17709e-312 -1.07375e+09 0 
34 80 30 82 9.48 10000 8 0 4.53634e-316 1.17709e-312 -1.07375e+09 0 
35 80 30 79 9.83 10000 1 0 4.53634e-316 1.17709e-312 -1.07375e+09 0 
36 80 30 85 9.95 10000 1 0 4.53634e-316 1.17709e-312 -1.07375e+09 0 
37 80 30 89 10.16 10000 80 0 4.53634e-316 1.17709e-312 -1.07375e+09 0 
38 80 30 89 9.79 10000 44 0 4.53634e-316 1.17709e-312 -1.07375e+09 0 
39 80 30 93 9.81 10000 630 0 4.53634e-316 1.17709e-312 -1.07375e+09 0 
40 80 30 81 9.68 10000 97 0 4.53634e-316 1.17709e-312 -1.07375e+09 0 
41 100 30 92 13.64 10000 1 0 4.53634e-316 1.17709e-312 -1.07375e+09 0 
42 100 30 102 13.83 10000 84 0 4.53634e-316 1.17709e-312 -1.07375e+09 0 
43 100 30 89 14.08 10000 542 0 4.53634e-316 1.17709e-312 -1.07375e+09 0 
44 100 30 97 14.24 10000 1 0 4.53634e-316 1.17709e-312 -1.07375e+09 0 
45 100 30 101 13.92 10000 52 0 4.53634e-316 1.17709e-312 -1.07375e+09 0 
46 100 30 113 15.12 10000 170 0 4.53634e-316 1.17709e-312 -1.07375e+09 0 
47 100 30 92 13.21 10000 3 0 4.53634e-316 1.17709e-312 -1.07375e+09 0 
48 100 30 105 14.25 10000 11 0 4.53634e-316 1.17709e-312 -1.07375e+09 0 
49 100 30 100 14.04 10000 107 0 4.53634e-316 1.17709e-312 -1.07375e+09 0 
50 100 30 114 14.21 10000 438 0 4.53634e-316 1.17709e-312 -1.07375e+09 0 

Fri Oct 21 17:05:08 2005
 inst  m   W   SVC: UB  tm it:all best Tm:1dh 1dv cg  LBh  LBv
1 20 30 22 1.19 10000 2347 0 4.53634e-316 1.17709e-312 -1.07375e+09 0 
2 20 30 15 0.99 10000 26 0 4.53634e-316 1.17709e-312 -1.07375e+09 0 
3 20 30 22 1.21 10000 178 0 4.53634e-316 1.17709e-312 -1.07375e+09 0 
4 20 30 16 1.04 10000 392 0 4.53634e-316 1.17709e-312 -1.07375e+09 0 
5 20 30 18 1.01 10000 5107 0 4.53634e-316 1.17709e-312 -1.07375e+09 0 
6 20 30 25 1.1 10000 116 0 4.53634e-316 1.17709e-312 -1.07375e+09 0 
7 20 30 18 1.04 10000 1 0 4.53634e-316 1.17709e-312 -1.07375e+09 0 
8 20 30 18 1.09 10000 1 0 4.53634e-316 1.17709e-312 -1.07375e+09 0 
9 20 30 22 1.15 10000 7 0 4.53634e-316 1.17709e-312 -1.07375e+09 0 
10 20 30 23 1.15 10000 177 0 4.53634e-316 1.17709e-312 -1.07375e+09 0 
11 40 30 30 3.01 10000 78 0 4.53634e-316 1.17709e-312 -1.07375e+09 0 
12 40 30 36 3.1 10000 8 0 4.53634e-316 1.17709e-312 -1.07375e+09 0 
13 40 30 47 3.29 10000 115 0 4.53634e-316 1.17709e-312 -1.07375e+09 0 
14 40 30 42 3.26 10000 655 0 4.53634e-316 1.17709e-312 -1.07375e+09 0 
15 40 30 46 3.06 10000 4661 0 4.53634e-316 1.17709e-312 -1.07375e+09 0 
16 40 30 36 3.01 10000 21 0 4.53634e-316 1.17709e-312 -1.07375e+09 0 
17 40 30 36 2.88 10000 72 0 4.53634e-316 1.17709e-312 -1.07375e+09 0 
18 40 30 49 3.1 10000 121 0 4.53634e-316 1.17709e-312 -1.07375e+09 0 
19 40 30 34 3.09 10000 105 0 4.53634e-316 1.17709e-312 -1.07375e+09 0 
20 40 30 35 3.13 10000 34 0 4.53634e-316 1.17709e-312 -1.07375e+09 0 
21 60 30 67 6.26 10000 1263 0 4.53634e-316 1.17709e-312 -1.07375e+09 0 
22 60 30 59 6.1 10000 276 0 4.53634e-316 1.17709e-312 -1.07375e+09 0 
23 60 30 61 6.4 10000 20 0 4.53634e-316 1.17709e-312 -1.07375e+09 0 
24 60 30 61 5.9 10000 163 0 4.53634e-316 1.17709e-312 -1.07375e+09 0 
25 60 30 55 6.18 10000 1113 0 4.53634e-316 1.17709e-312 -1.07375e+09 0 
26 60 30 56 6.03 10000 63 0 4.53634e-316 1.17709e-312 -1.07375e+09 0 
27 60 30 50 5.75 10000 1 0 4.53634e-316 1.17709e-312 -1.07375e+09 0 
28 60 30 63 6.19 10000 216 0 4.53634e-316 1.17709e-312 -1.07375e+09 0 
29 60 30 58 5.92 10000 939 0 4.53634e-316 1.17709e-312 -1.07375e+09 0 
30 60 30 71 6.31 10000 269 0 4.53634e-316 1.17709e-312 -1.07375e+09 0 
31 80 30 76 9.62 10000 349 0 4.53634e-316 1.17709e-312 -1.07375e+09 0 
32 80 30 81 9.69 10000 1 0 4.53634e-316 1.17709e-312 -1.07375e+09 0 
33 80 30 77 9.43 10000 40 0 4.53634e-316 1.17709e-312 -1.07375e+09 0 
34 80 30 82 9.42 10000 8 0 4.53634e-316 1.17709e-312 -1.07375e+09 0 
35 80 30 79 9.99 10000 1 0 4.53634e-316 1.17709e-312 -1.07375e+09 0 
36 80 30 85 9.99 10000 1 0 4.53634e-316 1.17709e-312 -1.07375e+09 0 
37 80 30 89 10.22 10000 80 0 4.53634e-316 1.17709e-312 -1.07375e+09 0 
38 80 30 89 9.93 10000 44 0 4.53634e-316 1.17709e-312 -1.07375e+09 0 
39 80 30 93 9.88 10000 630 0 4.53634e-316 1.17709e-312 -1.07375e+09 0 
40 80 30 81 9.76 10000 97 0 4.53634e-316 1.17709e-312 -1.07375e+09 0 
41 100 30 92 13.59 10000 1 0 4.53634e-316 1.17709e-312 -1.07375e+09 0 
42 100 30 102 13.72 10000 84 0 4.53634e-316 1.17709e-312 -1.07375e+09 0 
43 100 30 89 14.03 10000 542 0 4.53634e-316 1.17709e-312 -1.07375e+09 0 
44 100 30 97 14.11 10000 1 0 4.53634e-316 1.17709e-312 -1.07375e+09 0 
45 100 30 101 13.88 10000 52 0 4.53634e-316 1.17709e-312 -1.07375e+09 0 
46 100 30 113 14.89 10000 170 0 4.53634e-316 1.17709e-312 -1.07375e+09 0 
47 100 30 92 13.03 10000 3 0 4.53634e-316 1.17709e-312 -1.07375e+09 0 
48 100 30 105 14.35 10000 11 0 4.53634e-316 1.17709e-312 -1.07375e+09 0 
49 100 30 100 14.19 10000 107 0 4.53634e-316 1.17709e-312 -1.07375e+09 0 
50 100 30 114 14.16 10000 438 0 4.53634e-316 1.17709e-312 -1.07375e+09 0 

Sun Oct 23 19:29:11 2005
 inst  m   W   SVC: UB  tm it:all best Tm:1dh 1dv cg  LBh  LBv

Sun Oct 23 19:29:46 2005
 inst  m   W   SVC: UB  tm it:all best Tm:1dh 1dv cg  LBh  LBv

Sun Oct 23 19:32:43 2005
 inst  m   W   SVC: UB  tm it:all best Tm:1dh 1dv cg  LBh  LBv

Sun Oct 23 19:34:12 2005
 inst  m   W   SVC: UB  tm it:all best Tm:1dh 1dv cg  LBh  LBv

Sun Oct 23 19:36:37 2005
 inst  m   W   SVC: UB  tm it:all best Tm:1dh 1dv cg  LBh  LBv

Sun Oct 23 19:38:43 2005
 inst  m   W   SVC: UB  tm it:all best Tm:1dh 1dv cg  LBh  LBv

Sun Oct 23 19:47:18 2005
 inst  m   W   SVC: UB  tm it:all best Tm:1dh 1dv cg  LBh  LBv

Mon Oct 24 10:22:12 2005
 inst  m   W   SVC: UB  tm it:all best Tm:1dh 1dv cg  LBh  LBv
1 20 30 22 1.07 10000 700 
2 20 30 15 0.92 10000 21 
3 20 30 22 1.12 10000 41 
4 20 30 16 0.94 10000 195 
5 20 30 19 0.9 10000 15 
6 20 30 25 1.07 10000 1549 
7 20 30 18 1.02 10000 1 
8 20 30 18 0.96 10000 1 
9 20 30 21 1.09 10000 1705 
10 20 30 23 1.11 10000 92 
11 40 30 30 2.89 10000 155 
12 40 30 36 2.99 10000 93 
13 40 30 47 3.16 10000 327 
14 40 30 42 3.2 10000 94 
15 40 30 47 3.12 10000 8 
16 40 30 36 2.97 10000 47 
17 40 30 36 2.8 10000 57 
18 40 30 49 2.98 10000 264 
19 40 30 34 2.96 10000 180 
20 40 30 35 3.07 10000 45 
21 60 30 67 6.18 10000 854 
22 60 30 59 5.98 10000 35 
23 60 30 61 6.17 10000 58 
24 60 30 61 5.82 10000 303 
25 60 30 56 6.23 10000 54 
26 60 30 56 5.9 10000 46 
27 60 30 50 5.71 10000 1 
28 60 30 63 6.01 10000 394 
29 60 30 58 5.86 10000 345 
30 60 30 71 6.44 10000 28 
31 80 30 76 9.55 10000 335 
32 80 30 81 9.61 10000 1 
33 80 30 77 9.35 10000 21 
34 80 30 82 9.3 10000 23 
35 80 30 79 9.79 10000 1 
36 80 30 85 9.84 10000 1 
37 80 30 89 9.87 10000 134 
38 80 30 89 9.75 10000 12 
39 80 30 93 9.7 10000 1029 
40 80 30 81 9.49 10000 167 
41 100 30 92 13.47 10000 1 
42 100 30 102 13.73 10000 24 
43 100 30 89 13.54 10000 317 
44 100 30 97 13.82 10000 1 
45 100 30 101 13.67 10000 145 
46 100 30 113 14.77 10000 135 
47 100 30 92 12.93 10000 23 
48 100 30 105 13.92 10000 3 
49 100 30 100 14.07 10000 91 
50 100 30 114 13.89 10000 358 

Mon Oct 24 12:16:05 2005
 inst  m   W   SVC: UB  tm it:all best Tm:1dh 1dv cg  LBh  LBv
1 20 30 22 1.11 10000 873 
2 20 30 15 0.93 10000 93 
3 20 30 23 1.12 10000 13 
4 20 30 16 0.98 10000 341 
5 20 30 18 0.9 10000 2414 
6 20 30 25 1.03 10000 1727 
7 20 30 18 1 10000 3297 
8 20 30 18 1.02 10000 1 
9 20 30 21 1.08 10000 353 
10 20 30 23 1.06 10000 16 
11 40 30 30 3 10000 4 
12 40 30 36 3.02 10000 189 
13 40 30 47 3.16 10000 20 
14 40 30 42 3.3 10000 119 
15 40 30 47 3.03 10000 1 
16 40 30 36 2.98 10000 22 
17 40 30 36 3.01 10000 290 
18 40 30 49 3.08 10000 70 
19 40 30 34 3.01 10000 34 
20 40 30 35 3.1 10000 88 
21 60 30 67 6.22 10000 99 
22 60 30 59 6.02 10000 388 
23 60 30 61 6.25 10000 14 
24 60 30 61 5.7 10000 60 
25 60 30 56 6.14 10000 11 
26 60 30 56 6.11 10000 46 
27 60 30 50 5.75 10000 2 
28 60 30 63 6.15 10000 98 
29 60 30 58 5.98 10000 1026 
30 60 30 71 6.62 10000 140 
31 80 30 76 9.54 10000 165 
32 80 30 81 9.72 10000 1 
33 80 30 77 9.23 10000 13 
34 80 30 82 9.3 10000 16 
35 80 30 79 9.87 10000 110 
36 80 30 85 10.04 10000 39 
37 80 30 89 9.93 10000 184 
38 80 30 89 9.77 10000 1 
39 80 30 93 9.73 10000 750 
40 80 30 81 9.77 10000 622 
41 100 30 92 13.59 10000 9 
42 100 30 102 14.01 10000 90 
43 100 30 89 13.7 10000 105 
44 100 30 97 13.76 10000 4 
45 100 30 101 13.83 10000 85 
46 100 30 113 14.77 10000 169 
47 100 30 92 13.06 10000 18 
48 100 30 105 14.03 10000 1 
49 100 30 100 13.92 10000 100 
50 100 30 114 13.89 10000 693 

Mon Oct 24 14:22:20 2005
 inst  m   W   SVC: UB  tm it:all best Tm:1dh 1dv cg  LBh  LBv
1 20 30 22 1.12 10000 190 
2 20 30 15 0.92 10000 21 
3 20 30 22 1.11 10000 3827 
4 20 30 16 0.93 10000 70 
5 20 30 18 0.95 10000 64 
6 20 30 25 1.05 10000 154 
7 20 30 18 1.06 10000 180 
8 20 30 18 1 10000 1 
9 20 30 21 1.13 10000 5011 
10 20 30 23 1.09 10000 15 
11 40 30 30 2.98 10000 137 
12 40 30 36 3.01 10000 18 
13 40 30 47 3.28 10000 159 
14 40 30 42 3.46 10000 141 
15 40 30 46 3.09 10000 6296 
16 40 30 36 2.95 10000 12 
17 40 30 36 2.89 10000 118 
18 40 30 49 3.12 10000 66 
19 40 30 34 3.13 10000 115 
20 40 30 35 3.18 10000 58 
21 60 30 67 6.53 10000 2327 
22 60 30 59 6.13 10000 606 
23 60 30 61 6.54 10000 1 
24 60 30 61 6.09 10000 319 
25 60 30 56 6.14 10000 16 
26 60 30 56 5.94 10000 11 
27 60 30 50 5.88 10000 1 
28 60 30 63 6.24 10000 267 
29 60 30 58 6.02 10000 297 
30 60 30 71 6.63 10000 174 
31 80 30 76 9.87 10000 600 
32 80 30 81 9.88 10000 1 
33 80 30 77 9.56 10000 52 
34 80 30 82 9.79 10000 6 
35 80 30 79 10.23 10000 1 
36 80 30 85 10.05 10000 1 
37 80 30 89 10.32 10000 42 
38 80 30 89 10.18 10000 39 
39 80 30 93 10.22 10000 1318 
40 80 30 81 10.02 10000 206 
41 100 30 92 13.81 10000 1 
42 100 30 102 14.01 10000 70 
43 100 30 89 13.9 10000 356 
44 100 30 97 14.29 10000 6 
45 100 30 101 13.99 10000 9 
46 100 30 113 15.01 10000 130 
47 100 30 92 13.44 10000 2 
48 100 30 105 14.29 10000 1 
49 100 30 100 14.5 10000 115 
50 100 30 114 14.3 10000 378 

Thu Oct 27 20:29:09 2005
inst  m   W   SVC: UB  it_best/all tm_best/all gap%  TmRow: 5 30 300 3600 inf
1 20 30 22 883 663084 0.17 120 0 22 22 22 22 22 22 
2 20 30 15 153 800797 0.01 120 0 15 15 15 15 15 15 
3 20 30 22 16129 673766 2.84 120 0 22 22 22 22 22 22 
4 20 30 16 203 776518 0.04 120 0 16 16 16 16 16 16 
5 20 30 18 6008 803818 0.94 120 0 18 18 18 18 18 18 
6 20 30 25 336 714475 0.05 120 0 25 25 25 25 25 25 
7 20 30 18 3871 747595 0.56 120 0 18 18 18 18 18 18 
8 20 30 18 1 728784 0 120 5.8 18 18 18 18 18 18 
9 20 30 21 11748 668670 2.06 120 0 21 21 21 21 21 21 
10 20 30 23 42 709628 0.01 120 0 23 23 23 23 23 23 
11 40 30 30 24 252185 0 120 0 30 30 30 30 30 30 
12 40 30 36 62 246169 0.03 120 0 36 36 36 36 36 36 
13 40 30 47 71 229674 0.04 120 0 47 47 47 47 47 47 
14 40 30 42 836 222940 0.41 120 0 42 42 42 42 42 42 
15 40 30 46 5606 240189 2.9 120 0 46 46 46 46 46 46 
16 40 30 36 29 245023 0.01 120 0 36 36 36 36 36 36 
17 40 30 36 95 255401 0.05 120 0 36 36 36 36 36 36 
18 40 30 49 60 239989 0.03 120 0 49 49 49 49 49 49 
19 40 30 34 85 239846 0.05 120 0 34 34 34 34 34 34 
20 40 30 35 162 241432 0.07 120 0 35 35 35 35 35 35 
21 60 30 67 598 118805 0.55 120 0 67 67 67 67 67 67 
22 60 30 59 442 124105 0.45 120 0 59 59 59 59 59 59 
23 60 30 61 185 118686 0.19 120 0 61 61 61 61 61 61 
24 60 30 61 73 124887 0.06 120 0 61 61 61 61 61 61 
25 60 30 55 11323 120228 11.3 120 0 56 55 55 55 55 55 
26 60 30 56 79 124437 0.06 120 0 56 56 56 56 56 56 
27 60 30 50 2 129116 0 120 0 50 50 50 50 50 50 
28 60 30 63 213 120411 0.2 120 0 63 63 63 63 63 63 
29 60 30 58 660 125759 0.6 120 0 58 58 58 58 58 58 
30 60 30 71 53 115677 0.04 120 0 71 71 71 71 71 71 
31 80 30 76 173 77074 0.23 120 0 76 76 76 76 76 76 
32 80 30 81 68 77143 0.11 120 0 81 81 81 81 81 81 
33 80 30 77 41 79844 0.05 120 0 77 77 77 77 77 77 
34 80 30 82 3 78163 0 120 0 82 82 82 82 82 82 
35 80 30 79 129 75043 0.19 120 0 79 79 79 79 79 79 
36 80 30 85 18 74635 0.02 120 0 85 85 85 85 85 85 
37 80 30 89 288 73548 0.42 120 0 89 89 89 89 89 89 
38 80 30 89 9 75517 0.01 120 0 89 89 89 89 89 89 
39 80 30 93 462 75244 0.7 120 0 93 93 93 93 93 93 
40 80 30 81 269 78321 0.36 120 0 81 81 81 81 81 81 
41 100 30 92 30 55892 0.07 120 0 92 92 92 92 92 92 
42 100 30 102 126 54397 0.24 120 0 102 102 102 102 102 102 
43 100 30 89 73 54579 0.14 120 0 89 89 89 89 89 89 
44 100 30 97 6 54399 0.01 120 0 97 97 97 97 97 97 
45 100 30 101 22 54474 0.05 120 0 101 101 101 101 101 101 
46 100 30 113 151 50990 0.31 120 0 113 113 113 113 113 113 
47 100 30 92 9 57610 0.01 120 0 92 92 92 92 92 92 
48 100 30 105 9 53750 0.01 120 0 105 105 105 105 105 105 
49 100 30 100 40 53405 0.07 120 0 100 100 100 100 100 100 
50 100 30 114 811 53137 1.72 120 0 114 114 114 114 114 114 

Wed Nov  2 01:26:19 2005
inst  m   W   SVC: UB  it_best/all tm_best/all gap%  TmRow: 5 30 300 3600 36000 inf
1 20 30 22 468 469 0.05 0 0 22 22 22 22 22 22 
2 20 30 15 24 25 0 0 0 15 15 15 15 15 15 
3 20 30 22 951 952 0.1 0 0 22 22 22 22 22 22 
4 20 30 16 1320 1321 0.13 0 0 16 16 16 16 16 16 
5 20 30 18 3057 3058 0.32 0 0 18 18 18 18 18 18 
6 20 30 25 157 158 0.02 0 0 25 25 25 25 25 25 
7 20 30 18 6 7 0 0 0 18 18 18 18 18 18 
8 20 30 18 1 3028161 0 301 5.8 18 18 18 18 18 18 
9 20 30 21 233 234 0.02 0 0 21 21 21 21 21 21 
10 20 30 23 100 101 0.01 0 0 23 23 23 23 23 23 
11 40 30 30 98 99 0.02 0 0 30 30 30 30 30 30 
12 40 30 36 37 38 0.01 0 0 36 36 36 36 36 36 
13 40 30 47 128 129 0.04 0 0 47 47 47 47 47 47 
14 40 30 42 56 57 0.01 0 0 42 42 42 42 42 42 
15 40 30 46 1708 1709 0.48 0 0 46 46 46 46 46 46 
16 40 30 36 21 22 0.01 0 0 36 36 36 36 36 36 
17 40 30 36 166 167 0.04 0 0 36 36 36 36 36 36 
18 40 30 49 89 90 0.02 0 0 49 49 49 49 49 49 
19 40 30 34 212 213 0.06 0 0 34 34 34 34 34 34 
20 40 30 35 15 16 0.01 0 0 35 35 35 35 35 35 
21 60 30 67 849 850 0.39 0 0 67 67 67 67 67 67 
22 60 30 59 302 303 0.15 0 0 59 59 59 59 59 59 
23 60 30 61 16 17 0 0 0 61 61 61 61 61 61 
24 60 30 61 115 116 0.06 0 0 61 61 61 61 61 61 
25 60 30 55 11716 11717 5.79 6 0 56 55 55 55 55 55 
26 60 30 56 53 54 0.02 0 0 56 56 56 56 56 56 
27 60 30 50 1 2 0 0 0 50 50 50 50 50 50 
28 60 30 63 28 29 0.02 0 0 63 63 63 63 63 63 
29 60 30 58 265 266 0.11 0 0 58 58 58 58 58 58 
30 60 30 71 49 50 0.02 0 0 71 71 71 71 71 71 
31 80 30 76 79 80 0.05 0 0 76 76 76 76 76 76 
32 80 30 81 1 2 0 0 0 81 81 81 81 81 81 
33 80 30 77 42 43 0.04 0 0 77 77 77 77 77 77 
34 80 30 82 15 16 0.01 0 0 82 82 82 82 82 82 
35 80 30 79 67 68 0.05 0 0 79 79 79 79 79 79 
36 80 30 85 7 8 0 0 0 85 85 85 85 85 85 
37 80 30 89 121 122 0.07 0 0 89 89 89 89 89 89 
38 80 30 89 1 2 0 0 0 89 89 89 89 89 89 
39 80 30 93 473 474 0.36 0 0 93 93 93 93 93 93 
40 80 30 81 142 143 0.1 0 0 81 81 81 81 81 81 
41 100 30 92 1 2 0 0 0 92 92 92 92 92 92 
42 100 30 102 79 80 0.09 0 0 102 102 102 102 102 102 
43 100 30 89 133 134 0.11 0 0 89 89 89 89 89 89 
44 100 30 97 1 2 0 0 0 97 97 97 97 97 97 
45 100 30 101 41 42 0.04 0 0 101 101 101 101 101 101 
46 100 30 113 135 136 0.12 0 0 113 113 113 113 113 113 
47 100 30 92 1 2 0 0 0 92 92 92 92 92 92 
48 100 30 105 1 2 0 0 0 105 105 105 105 105 105 
49 100 30 100 1 2 0 0 0 100 100 100 100 100 100 
50 100 30 114 192 193 0.19 0 0 114 114 114 114 114 114 

Thu Nov  3 00:01:46 2005
inst  m   W   SVC: UB  it_best/all tm_best/all gap%  TmRow: 5 30 300 3600 36000 inf
1 20 30 22 119 120 0.01 0 0 22 22 22 22 22 22 
2 20 30 15 11 12 0 0 0 15 15 15 15 15 15 
3 20 30 22 1120 1121 0.14 0 0 22 22 22 22 22 22 
4 20 30 16 69 70 0 0 0 16 16 16 16 16 16 
5 20 30 18 4455 4456 0.42 0 0 18 18 18 18 18 18 
6 20 30 25 64 65 0 0 0 25 25 25 25 25 25 
7 20 30 18 73 74 0.01 0 0 18 18 18 18 18 18 
8 20 30 18 1 2936656 0 301 5.8 18 18 18 18 18 18 
9 20 30 21 194 195 0.02 0 0 21 21 21 21 21 21 
10 20 30 23 7 8 0 0 0 23 23 23 23 23 23 
11 40 30 30 70 71 0.02 0 0 30 30 30 30 30 30 
12 40 30 36 60 61 0.01 0 0 36 36 36 36 36 36 
13 40 30 47 62 63 0.01 0 0 47 47 47 47 47 47 
14 40 30 42 64 65 0.02 0 0 42 42 42 42 42 42 
15 40 30 46 2211 2212 0.59 1 0 46 46 46 46 46 46 
16 40 30 36 1 2 0 0 0 36 36 36 36 36 36 
17 40 30 36 85 86 0.02 0 0 36 36 36 36 36 36 
18 40 30 49 8 9 0 0 0 49 49 49 49 49 49 
19 40 30 34 106 107 0.03 0 0 34 34 34 34 34 34 
20 40 30 35 10 11 0 0 0 35 35 35 35 35 35 
21 60 30 67 444 445 0.21 0 0 67 67 67 67 67 67 
22 60 30 59 563 564 0.29 0 0 59 59 59 59 59 59 
23 60 30 61 97 98 0.05 0 0 61 61 61 61 61 61 
24 60 30 61 103 104 0.04 0 0 61 61 61 61 61 61 
25 60 30 55 7817 7818 4 4 0 55 55 55 55 55 55 
26 60 30 56 46 47 0.02 0 0 56 56 56 56 56 56 
27 60 30 50 2 3 0.01 0 0 50 50 50 50 50 50 
28 60 30 63 250 251 0.12 0 0 63 63 63 63 63 63 
29 60 30 58 116 117 0.05 0 0 58 58 58 58 58 58 
30 60 30 71 39 40 0.02 0 0 71 71 71 71 71 71 
31 80 30 76 228 229 0.18 0 0 76 76 76 76 76 76 
32 80 30 81 8 9 0 0 0 81 81 81 81 81 81 
33 80 30 77 22 23 0.02 0 0 77 77 77 77 77 77 
34 80 30 82 1 2 0 0 0 82 82 82 82 82 82 
35 80 30 79 77 78 0.05 0 0 79 79 79 79 79 79 
36 80 30 85 7 8 0 0 0 85 85 85 85 85 85 
37 80 30 89 132 133 0.11 0 0 89 89 89 89 89 89 
38 80 30 89 1 2 0 0 0 89 89 89 89 89 89 
39 80 30 93 113 114 0.08 0 0 93 93 93 93 93 93 
40 80 30 81 403 404 0.31 0 0 81 81 81 81 81 81 
41 100 30 92 1 2 0 0 0 92 92 92 92 92 92 
42 100 30 102 44 45 0.05 0 0 102 102 102 102 102 102 
43 100 30 89 80 81 0.07 0 0 89 89 89 89 89 89 
44 100 30 97 1 2 0 0 0 97 97 97 97 97 97 
45 100 30 101 148 149 0.14 0 0 101 101 101 101 101 101 
46 100 30 113 62 63 0.07 0 0 113 113 113 113 113 113 
47 100 30 92 1 2 0 0 0 92 92 92 92 92 92 
48 100 30 105 1 2 0 0 0 105 105 105 105 105 105 
49 100 30 100 1 2 0 0 0 100 100 100 100 100 100 
50 100 30 114 371 372 0.37 0 0 114 114 114 114 114 114 

Thu Nov  3 20:47:08 2005
inst  m   W   SVC: UB  it_best/all tm_best/all gap%  TmRow: 5 30 300 3600 36000 inf
1 20 30 22 359 360 0.07 0 0 22 22 22 22 22 22 
2 20 30 15 12 13 0 0 0 15 15 15 15 15 15 
3 20 30 22 349 350 0.07 0 0 22 22 22 22 22 22 
4 20 30 16 1718 1719 0.28 0 0 16 16 16 16 16 16 
5 20 30 18 2317 2318 0.35 0 0 18 18 18 18 18 18 
6 20 30 25 17 18 0.01 0 0 25 25 25 25 25 25 
7 20 30 18 18 19 0 0 0 18 18 18 18 18 18 
8 20 30 18 1 1779653 0 301 5.8 18 18 18 18 18 18 
9 20 30 21 77 78 0.01 0 0 21 21 21 21 21 21 
10 20 30 23 9 10 0 0 0 23 23 23 23 23 23 
11 40 30 30 62 63 0.03 0 0 30 30 30 30 30 30 
12 40 30 36 66 67 0.03 0 0 36 36 36 36 36 36 
13 40 30 47 98 99 0.05 0 0 47 47 47 47 47 47 
14 40 30 42 6 7 0 0 0 42 42 42 42 42 42 
15 40 30 46 641 642 0.29 0 0 46 46 46 46 46 46 
16 40 30 36 2 3 0 0 0 36 36 36 36 36 36 
17 40 30 36 69 70 0.02 0 0 36 36 36 36 36 36 
18 40 30 49 64 65 0.04 0 0 49 49 49 49 49 49 
19 40 30 34 184 185 0.07 0 0 34 34 34 34 34 34 
20 40 30 35 41 42 0.03 0 0 35 35 35 35 35 35 
21 60 30 67 180 181 0.14 0 0 67 67 67 67 67 67 
22 60 30 59 267 268 0.21 0 0 59 59 59 59 59 59 
23 60 30 61 31 32 0.02 0 0 61 61 61 61 61 61 
24 60 30 61 58 59 0.05 0 0 61 61 61 61 61 61 
25 60 30 55 5633 5634 4.46 4 0 55 55 55 55 55 55 
26 60 30 56 21 22 0.02 0 0 56 56 56 56 56 56 
27 60 30 50 1 2 0 0 0 50 50 50 50 50 50 
28 60 30 63 76 77 0.05 0 0 63 63 63 63 63 63 
29 60 30 58 216 217 0.17 0 0 58 58 58 58 58 58 
30 60 30 71 32 33 0.03 0 0 71 71 71 71 71 71 
31 80 30 76 129 130 0.14 0 0 76 76 76 76 76 76 
32 80 30 81 9 10 0 0 0 81 81 81 81 81 81 
33 80 30 77 4 5 0.02 0 0 77 77 77 77 77 77 
34 80 30 82 7 8 0 0 0 82 82 82 82 82 82 
35 80 30 79 74 75 0.08 0 0 79 79 79 79 79 79 
36 80 30 85 12 13 0.02 0 0 85 85 85 85 85 85 
37 80 30 89 188 189 0.21 0 0 89 89 89 89 89 89 
38 80 30 89 1 2 0 0 0 89 89 89 89 89 89 
39 80 30 93 232 233 0.26 0 0 93 93 93 93 93 93 
40 80 30 81 356 357 0.4 0 0 81 81 81 81 81 81 
41 100 30 92 1 2 0 0 0 92 92 92 92 92 92 
42 100 30 102 1 2 0 0 0 102 102 102 102 102 102 
43 100 30 89 321 322 0.47 0 0 89 89 89 89 89 89 
44 100 30 97 1 2 0.01 0 0 97 97 97 97 97 97 
45 100 30 101 70 71 0.11 0 0 101 101 101 101 101 101 
46 100 30 113 156 157 0.23 0 0 113 113 113 113 113 113 
47 100 30 92 1 2 0 0 0 92 92 92 92 92 92 
48 100 30 105 1 2 0 0 0 105 105 105 105 105 105 
49 100 30 100 1 2 0.01 0 0 100 100 100 100 100 100 
50 100 30 114 366 367 0.56 1 0 114 114 114 114 114 114 

Fri Nov  4 19:15:40 2005
inst  m   W   SVC: UB  it_best/all tm_best/all gap%  TmRow: 5 30 300 3600 36000 inf
1 20 30 22 119 120 0.03 0 0 22 22 22 22 22 22 
2 20 30 15 11 12 0 0 0 15 15 15 15 15 15 
3 20 30 22 1120 1121 0.2 0 0 22 22 22 22 22 22 
4 20 30 16 69 70 0.02 0 0 16 16 16 16 16 16 
5 20 30 18 4455 4456 0.66 1 0 18 18 18 18 18 18 
6 20 30 25 64 65 0 0 0 25 25 25 25 25 25 
7 20 30 18 73 74 0.02 0 0 18 18 18 18 18 18 
8 20 30 18 1 3016890 0 501 5.8 18 18 18 18 18 18 
9 20 30 21 194 195 0.04 0 0 21 21 21 21 21 21 
10 20 30 23 7 8 0 0 0 23 23 23 23 23 23 
11 40 30 30 70 71 0.02 0 0 30 30 30 30 30 30 
12 40 30 36 60 61 0.03 0 0 36 36 36 36 36 36 
13 40 30 47 62 63 0.03 0 0 47 47 47 47 47 47 
14 40 30 42 64 65 0.03 0 0 42 42 42 42 42 42 
15 40 30 46 2211 2212 1.01 1 0 46 46 46 46 46 46 
16 40 30 36 1 2 0 0 0 36 36 36 36 36 36 
17 40 30 36 85 86 0.03 0 0 36 36 36 36 36 36 
18 40 30 49 8 9 0.02 0 0 49 49 49 49 49 49 
19 40 30 34 106 107 0.04 0 0 34 34 34 34 34 34 
20 40 30 35 10 11 0 0 0 35 35 35 35 35 35 
21 60 30 67 444 445 0.36 0 0 67 67 67 67 67 67 
22 60 30 59 563 564 0.45 0 0 59 59 59 59 59 59 
23 60 30 61 97 98 0.07 0 0 61 61 61 61 61 61 
24 60 30 61 103 104 0.08 0 0 61 61 61 61 61 61 
25 60 30 55 7817 7818 6.2 6 0 56 55 55 55 55 55 
26 60 30 56 46 47 0.03 0 0 56 56 56 56 56 56 
27 60 30 50 2 3 0 0 0 50 50 50 50 50 50 
28 60 30 63 250 251 0.2 0 0 63 63 63 63 63 63 
29 60 30 58 116 117 0.09 0 0 58 58 58 58 58 58 
30 60 30 71 39 40 0.03 0 0 71 71 71 71 71 71 
31 80 30 76 228 229 0.25 0 0 76 76 76 76 76 76 
32 80 30 81 8 9 0.01 0 0 81 81 81 81 81 81 
33 80 30 77 22 23 0.03 0 0 77 77 77 77 77 77 
34 80 30 82 1 2 0 0 0 82 82 82 82 82 82 
35 80 30 79 77 78 0.08 0 0 79 79 79 79 79 79 
36 80 30 85 7 8 0.01 0 0 85 85 85 85 85 85 
37 80 30 89 132 133 0.16 0 0 89 89 89 89 89 89 
38 80 30 89 1 2 0 0 0 89 89 89 89 89 89 
39 80 30 93 113 114 0.13 0 0 93 93 93 93 93 93 
40 80 30 81 403 404 0.45 0 0 81 81 81 81 81 81 
41 100 30 92 1 2 0 0 0 92 92 92 92 92 92 
42 100 30 102 44 45 0.06 0 0 102 102 102 102 102 102 
43 100 30 89 80 81 0.12 0 0 89 89 89 89 89 89 
44 100 30 97 1 2 0.01 0 0 97 97 97 97 97 97 
45 100 30 101 148 149 0.22 0 0 101 101 101 101 101 101 
46 100 30 113 62 63 0.09 0 0 113 113 113 113 113 113 
47 100 30 92 1 2 0 0 0 92 92 92 92 92 92 
48 100 30 105 1 2 0 0 0 105 105 105 105 105 105 
49 100 30 100 1 2 0 0 0 100 100 100 100 100 100 
50 100 30 114 371 372 0.56 1 0 114 114 114 114 114 114 

Tue Nov  8 21:24:22 2005
inst  m   W   SVC: UB  it_best/all tm_best/all gap%  TmRow: 5 30 300 3600 36000 inf
1 20 30 22 129 130 0.02 0 0 22 22 22 22 22 22 
2 20 30 15 12 13 0.01 0 0 15 15 15 15 15 15 
3 20 30 22 235 236 0.04 0 0 22 22 22 22 22 22 
4 20 30 16 2448 2449 0.4 0 0 16 16 16 16 16 16 
5 20 30 18 1557 1558 0.24 0 0 18 18 18 18 18 18 
6 20 30 25 17 18 0 0 0 25 25 25 25 25 25 
7 20 30 18 152 153 0.03 0 0 18 18 18 18 18 18 
8 20 30 18 1 1815240 0 301 5.8 18 18 18 18 18 18 
9 20 30 21 267 268 0.04 0 0 21 21 21 21 21 21 
10 20 30 23 9 10 0 0 0 23 23 23 23 23 23 
11 40 30 30 69 70 0.02 0 0 30 30 30 30 30 30 
12 40 30 36 23 24 0.02 0 0 36 36 36 36 36 36 
13 40 30 47 55 56 0.02 0 0 47 47 47 47 47 47 
14 40 30 42 66 67 0.04 0 0 42 42 42 42 42 42 
15 40 30 46 815 816 0.36 0 0 46 46 46 46 46 46 
16 40 30 36 2 3 0 0 0 36 36 36 36 36 36 
17 40 30 36 99 100 0.04 0 0 36 36 36 36 36 36 
18 40 30 49 45 46 0.02 0 0 49 49 49 49 49 49 
19 40 30 34 84 85 0.04 0 0 34 34 34 34 34 34 
20 40 30 35 36 37 0.01 0 0 35 35 35 35 35 35 
21 60 30 67 537 538 0.43 0 0 67 67 67 67 67 67 
22 60 30 59 308 309 0.23 0 0 59 59 59 59 59 59 
23 60 30 61 43 44 0.04 0 0 61 61 61 61 61 61 
24 60 30 61 86 87 0.06 0 0 61 61 61 61 61 61 
25 60 30 55 4488 4489 3.51 4 0 55 55 55 55 55 55 
26 60 30 56 45 46 0.03 0 0 56 56 56 56 56 56 
27 60 30 50 1 2 0.01 0 0 50 50 50 50 50 50 
28 60 30 63 32 33 0.01 0 0 63 63 63 63 63 63 
29 60 30 58 248 249 0.18 0 0 58 58 58 58 58 58 
30 60 30 71 168 169 0.13 0 0 71 71 71 71 71 71 
31 80 30 76 114 115 0.13 0 0 76 76 76 76 76 76 
32 80 30 81 13 14 0.01 0 0 81 81 81 81 81 81 
33 80 30 77 4 5 0.01 0 0 77 77 77 77 77 77 
34 80 30 82 40 41 0.04 0 0 82 82 82 82 82 82 
35 80 30 79 47 48 0.05 0 0 79 79 79 79 79 79 
36 80 30 85 37 38 0.04 0 0 85 85 85 85 85 85 
37 80 30 89 369 370 0.42 0 0 89 89 89 89 89 89 
38 80 30 89 1 2 0 0 0 89 89 89 89 89 89 
39 80 30 93 777 778 0.88 1 0 93 93 93 93 93 93 
40 80 30 81 166 167 0.19 0 0 81 81 81 81 81 81 
41 100 30 92 1 2 0 0 0 92 92 92 92 92 92 
42 100 30 102 1 2 0 0 0 102 102 102 102 102 102 
43 100 30 89 221 222 0.33 0 0 89 89 89 89 89 89 
44 100 30 97 1 2 0 0 0 97 97 97 97 97 97 
45 100 30 101 47 48 0.08 0 0 101 101 101 101 101 101 
46 100 30 113 173 174 0.26 0 0 113 113 113 113 113 113 
47 100 30 92 1 2 0 0 0 92 92 92 92 92 92 
48 100 30 105 1 2 0 0 0 105 105 105 105 105 105 
49 100 30 100 1 2 0.01 0 0 100 100 100 100 100 100 
50 100 30 114 861 862 1.31 1 0 114 114 114 114 114 114 

Wed Nov  9 14:57:31 2005
inst  m   W   SVC: UB  it_best/all tm_best/all gap%  TmRow: 5 30 300 3600 36000 inf
1 20 30 22 83 84 0.01 0 0 22 22 22 22 22 22 
2 20 30 15 5 6 0 0 0 15 15 15 15 15 15 
3 20 30 22 144 145 0.03 0 0 22 22 22 22 22 22 
4 20 30 16 776 777 0.12 0 0 16 16 16 16 16 16 
5 20 30 18 1986 1987 0.29 0 0 18 18 18 18 18 18 
6 20 30 25 502 503 0.08 0 0 25 25 25 25 25 25 
7 20 30 18 3 4 0 0 0 18 18 18 18 18 18 
8 20 30 18 1 1822006 0 301 5.8 18 18 18 18 18 18 
9 20 30 21 33 34 0 0 0 21 21 21 21 21 21 
10 20 30 23 45 46 0.01 0 0 23 23 23 23 23 23 
11 40 30 30 100 101 0.03 0 0 30 30 30 30 30 30 
12 40 30 36 43 44 0.02 0 0 36 36 36 36 36 36 
13 40 30 47 69 70 0.04 0 0 47 47 47 47 47 47 
14 40 30 42 17 18 0 0 0 42 42 42 42 42 42 
15 40 30 46 2752 2753 1.24 1 0 46 46 46 46 46 46 
16 40 30 36 2 3 0 0 0 36 36 36 36 36 36 
17 40 30 36 58 59 0.02 0 0 36 36 36 36 36 36 
18 40 30 49 10 11 0.01 0 0 49 49 49 49 49 49 
19 40 30 34 319 320 0.14 0 0 34 34 34 34 34 34 
20 40 30 35 67 68 0.03 0 0 35 35 35 35 35 35 
21 60 30 67 111 112 0.09 0 0 67 67 67 67 67 67 
22 60 30 59 64 65 0.05 0 0 59 59 59 59 59 59 
23 60 30 61 30 31 0.02 0 0 61 61 61 61 61 61 
24 60 30 61 174 175 0.13 0 0 61 61 61 61 61 61 
25 60 30 55 115033 115034 91.5 91 0 56 56 55 55 55 55 
26 60 30 56 34 35 0.03 0 0 56 56 56 56 56 56 
27 60 30 50 1 2 0 0 0 50 50 50 50 50 50 
28 60 30 63 180 181 0.13 0 0 63 63 63 63 63 63 
29 60 30 58 202 203 0.15 0 0 58 58 58 58 58 58 
30 60 30 71 36 37 0.03 0 0 71 71 71 71 71 71 
31 80 30 76 118 119 0.13 0 0 76 76 76 76 76 76 
32 80 30 81 4 5 0 0 0 81 81 81 81 81 81 
33 80 30 77 10 11 0.02 0 0 77 77 77 77 77 77 
34 80 30 82 11 12 0.01 0 0 82 82 82 82 82 82 
35 80 30 79 79 80 0.08 0 0 79 79 79 79 79 79 
36 80 30 85 8 9 0.01 0 0 85 85 85 85 85 85 
37 80 30 89 141 142 0.16 0 0 89 89 89 89 89 89 
38 80 30 89 1 2 0 0 0 89 89 89 89 89 89 
39 80 30 93 644 645 0.72 1 0 93 93 93 93 93 93 
40 80 30 81 266 267 0.29 0 0 81 81 81 81 81 81 
41 100 30 92 1 2 0 0 0 92 92 92 92 92 92 
42 100 30 102 1 2 0 0 0 102 102 102 102 102 102 
43 100 30 89 289 290 0.42 0 0 89 89 89 89 89 89 
44 100 30 97 1 2 0.01 0 0 97 97 97 97 97 97 
45 100 30 101 86 87 0.13 0 0 101 101 101 101 101 101 
46 100 30 113 243 244 0.37 0 0 113 113 113 113 113 113 
47 100 30 92 1 2 0 0 0 92 92 92 92 92 92 
48 100 30 105 1 2 0 0 0 105 105 105 105 105 105 
49 100 30 100 1 2 0 0 0 100 100 100 100 100 100 
50 100 30 114 447 448 0.7 1 0 114 114 114 114 114 114 

Thu Nov 10 21:40:22 2005
inst  m   W   SVC: UB  it_best/all tm_best/all gap%  TmRow: 5 30 300 3600 36000 inf
1 20 30 22 359 359 0.07 0 0 22 22 22 22 22 22 
2 20 30 15 12 12 0 0 0 15 15 15 15 15 15 
3 20 30 22 349 349 0.07 0 0 22 22 22 22 22 22 
4 20 30 16 1718 1718 0.26 0 0 16 16 16 16 16 16 
5 20 30 18 2317 2317 0.34 0 0 18 18 18 18 18 18 
6 20 30 25 17 17 0.01 0 0 25 25 25 25 25 25 
7 20 30 18 18 18 0 0 0 18 18 18 18 18 18 
8 20 30 18 1 1853053 0 300 5.8 18 18 18 18 18 18 
9 20 30 21 77 77 0.01 0 0 21 21 21 21 21 21 
10 20 30 23 9 9 0 0 0 23 23 23 23 23 23 
11 40 30 30 62 62 0.03 0 0 30 30 30 30 30 30 
12 40 30 36 66 66 0.02 0 0 36 36 36 36 36 36 
13 40 30 47 98 98 0.05 0 0 47 47 47 47 47 47 
14 40 30 42 6 6 0 0 0 42 42 42 42 42 42 
15 40 30 46 641 641 0.28 0 0 46 46 46 46 46 46 
16 40 30 36 2 2 0 0 0 36 36 36 36 36 36 
17 40 30 36 69 69 0.02 0 0 36 36 36 36 36 36 
18 40 30 49 64 64 0.04 0 0 49 49 49 49 49 49 
19 40 30 34 184 184 0.08 0 0 34 34 34 34 34 34 
20 40 30 35 41 41 0.01 0 0 35 35 35 35 35 35 
21 60 30 67 180 180 0.13 0 0 67 67 67 67 67 67 
22 60 30 59 267 267 0.2 0 0 59 59 59 59 59 59 
23 60 30 61 31 31 0.02 0 0 61 61 61 61 61 61 
24 60 30 61 58 58 0.04 0 0 61 61 61 61 61 61 
25 60 30 55 5633 5633 4.32 4 0 55 55 55 55 55 55 
26 60 30 56 21 21 0.01 0 0 56 56 56 56 56 56 
27 60 30 50 1 1 0 0 0 50 50 50 50 50 50 
28 60 30 63 76 76 0.05 0 0 63 63 63 63 63 63 
29 60 30 58 216 216 0.17 0 0 58 58 58 58 58 58 
30 60 30 71 32 32 0.02 0 0 71 71 71 71 71 71 
31 80 30 76 129 129 0.13 0 0 76 76 76 76 76 76 
32 80 30 81 9 9 0.01 0 0 81 81 81 81 81 81 
33 80 30 77 4 4 0.01 0 0 77 77 77 77 77 77 
34 80 30 82 7 7 0.01 0 0 82 82 82 82 82 82 
35 80 30 79 74 74 0.08 0 0 79 79 79 79 79 79 
36 80 30 85 12 12 0.01 0 0 85 85 85 85 85 85 
37 80 30 89 188 188 0.21 0 0 89 89 89 89 89 89 
38 80 30 89 1 1 0 0 0 89 89 89 89 89 89 
39 80 30 93 232 232 0.25 0 0 93 93 93 93 93 93 
40 80 30 81 356 356 0.39 0 0 81 81 81 81 81 81 
41 100 30 92 1 1 0 0 0 92 92 92 92 92 92 
42 100 30 102 1 1 0 0 0 102 102 102 102 102 102 
43 100 30 89 321 321 0.45 0 0 89 89 89 89 89 89 
44 100 30 97 1 1 0.02 0 0 97 97 97 97 97 97 
45 100 30 101 70 70 0.09 0 0 101 101 101 101 101 101 
46 100 30 113 156 156 0.24 0 0 113 113 113 113 113 113 
47 100 30 92 1 1 0 0 0 92 92 92 92 92 92 
48 100 30 105 1 1 0 0 0 105 105 105 105 105 105 
49 100 30 100 1 1 0 0 0 100 100 100 100 100 100 
50 100 30 114 366 366 0.53 1 0 114 114 114 114 114 114 

Tue Aug 30 20:32:43 2011

[BL] fImproved 1 pInvertShove 0 0.03  [Solver] instFirst 1 instLast 1000000 statPeriod 10 fWriteSolution 0 [Sub_2DSPP] nScaleW 0 vsp -0.8 0.5  pTower 0 0  pChangeP_TIP 0.01 pInvertHole 0 0.05  pPermutateHole 0.8 1  pBubbleHole 0.6 0.9  [SVC_2DSPP] MaxTime 360 MaxIter 1e+100 NIterRandom 0 NIterSVC 1 ValReset 1000 19000  blockw_pow 2.1 0.1  p_bwpnew 0.1 BaseOrdering 2 1 1 1  p_choose 0.6 0.6  
inst  m   W   SVC: UB  it_best/all tm_best/all gap%  TmRow: 10 60 inf ave_best^
1 20 30 22 52 52 0.02 0 0 22 22 22 22
2 20 30 15 28 28 0 0 0 15 15 15 18.5
3 20 30 22 4349 4349 0.62 1 0 22 22 22 19.6667
4 20 30 16 600 600 0.08 0 0 16 16 16 18.75
5 20 30 18 216 216 0.02 0 0 18 18 18 18.6
6 20 30 25 218 218 0.03 0 0 25 25 25 19.6667
7 20 30 18 3 3 0 0 0 18 18 18 19.4286
8 20 30 18 1 2923512 0 360 5.8 18 18 18 19.25
9 20 30 21 60 60 0.01 0 0 21 21 21 19.4444
10 20 30 23 47 47 0 0 0 23 23 23 19.8
11 40 30 30 81 81 0.04 0 0 30 30 30 20.7273
12 40 30 36 10 10 0 0 0 36 36 36 22
13 40 30 47 1 1 0 0 0 47 47 47 23.9231
14 40 30 42 123 123 0.05 0 0 42 42 42 25.2143
15 40 30 46 4145 4145 1.48 1 0 46 46 46 26.6
16 40 30 36 11 11 0 0 0 36 36 36 27.1875
17 40 30 36 91 91 0.03 0 0 36 36 36 27.7059
18 40 30 49 60 60 0.02 0 0 49 49 49 28.8889
19 40 30 34 165 165 0.05 0 0 34 34 34 29.1579
20 40 30 35 156 156 0.06 0 0 35 35 35 29.45
21 60 30 67 674 674 0.41 0 0 67 67 67 31.2381
22 60 30 59 201 201 0.12 0 0 59 59 59 32.5
23 60 30 61 49 49 0.02 0 0 61 61 61 33.7391
24 60 30 61 90 90 0.06 0 0 61 61 61 34.875
25 60 30 55 32767 32767 20 20 0 56 55 55 35.68
26 60 30 56 8 8 0 0 0 56 56 56 36.4615
27 60 30 50 1 1 0 0 0 50 50 50 36.963
28 60 30 63 236 236 0.14 0 0 63 63 63 37.8929
29 60 30 58 235 235 0.14 0 0 58 58 58 38.5862
30 60 30 71 57 57 0.03 0 0 71 71 71 39.6667
31 80 30 76 225 225 0.19 0 0 76 76 76 40.8387
32 80 30 81 1 1 0 0 0 81 81 81 42.0938
33 80 30 77 26 26 0.03 0 0 77 77 77 43.1515
34 80 30 82 13 13 0 0 0 82 82 82 44.2941
35 80 30 79 2 2 0 0 0 79 79 79 45.2857
36 80 30 85 1 1 0.01 0 0 85 85 85 46.3889
37 80 30 89 315 315 0.29 0 0 89 89 89 47.5405
38 80 30 89 1 1 0 0 0 89 89 89 48.6316
39 80 30 93 121 121 0.11 0 0 93 93 93 49.7692
40 80 30 81 48 48 0.04 0 0 81 81 81 50.55
41 100 30 92 1 1 0 0 0 92 92 92 51.561
42 100 30 102 8 8 0 0 0 102 102 102 52.7619
43 100 30 89 173 173 0.21 0 0 89 89 89 53.6047
44 100 30 97 1 1 0 0 0 97 97 97 54.5909
45 100 30 101 8 8 0 0 0 101 101 101 55.6222
46 100 30 113 137 137 0.16 0 0 113 113 113 56.8696
47 100 30 92 1 1 0 0 0 92 92 92 57.617
48 100 30 105 1 1 0 0 0 105 105 105 58.6042
49 100 30 100 1 1 0 0 0 100 100 100 59.449
50 100 30 114 298 298 0.36 0 0 114 114 114 60.54

Tue Sep 13 19:55:43 2011

[BL] fImproved 1 pInvertShove 0 0.03  [Solver] instFirst 1 instLast 1000000 statPeriod 10 fWriteSolution 0 [Sub_2DSPP] nScaleW 0 vsp -0.8 0.5  pTower 0 0  pChangeP_TIP 0.01 pInvertHole 0 0.05  pPermutateHole 0.8 1  pBubbleHole 0.6 0.9  [SVC_2DSPP] MaxTime 360 MaxIter 1e+100 NIterRandom 0 NIterSVC 1 ValReset 1000 19000  blockw_pow 2.1 0.1  p_bwpnew 0.1 BaseOrdering 2 1 1 1  p_choose 0.6 0.6  
inst  m   W   SVC: UB  it_best/all tm_best/all gap%  TmRow: 10 60 inf ave_best^
1 20 30 22 52 52 0.01 0 0 22 22 22 22
2 20 30 15 28 28 0 0 0 15 15 15 18.5
3 20 30 22 4349 4349 0.44 0 0 22 22 22 19.6667
4 20 30 16 600 600 0.05 0 0 16 16 16 18.75
5 20 30 18 216 216 0.01 0 0 18 18 18 18.6
6 20 30 25 218 218 0.02 0 0 25 25 25 19.6667
7 20 30 18 3 3 0 0 0 18 18 18 19.4286
8 20 30 18 1 4194249 0 362 5.8 18 18 18 19.25
9 20 30 21 60 60 0 0 0 21 21 21 19.4444
10 20 30 23 47 47 0.01 0 0 23 23 23 19.8
11 40 30 30 81 81 0.02 0 0 30 30 30 20.7273
12 40 30 36 10 10 0 0 0 36 36 36 22
13 40 30 47 1 1 0 0 0 47 47 47 23.9231
14 40 30 42 123 123 0.03 0 0 42 42 42 25.2143
15 40 30 46 4145 4145 0.99 1 0 46 46 46 26.6
16 40 30 36 11 11 0 0 0 36 36 36 27.1875
17 40 30 36 91 91 0.02 0 0 36 36 36 27.7059
18 40 30 49 60 60 0.01 0 0 49 49 49 28.8889
19 40 30 34 165 165 0.04 0 0 34 34 34 29.1579
20 40 30 35 156 156 0.04 0 0 35 35 35 29.45
21 60 30 67 674 674 0.27 0 0 67 67 67 31.2381
22 60 30 59 201 201 0.09 0 0 59 59 59 32.5
23 60 30 61 49 49 0.02 0 0 61 61 61 33.7391
24 60 30 61 90 90 0.04 0 0 61 61 61 34.875
25 60 30 55 32767 32767 13.4 13 0 56 55 55 35.68
26 60 30 56 8 8 0.01 0 0 56 56 56 36.4615
27 60 30 50 1 1 0 0 0 50 50 50 36.963
28 60 30 63 236 236 0.1 0 0 63 63 63 37.8929
29 60 30 58 235 235 0.1 0 0 58 58 58 38.5862
30 60 30 71 57 57 0.03 0 0 71 71 71 39.6667
31 80 30 76 225 225 0.13 0 0 76 76 76 40.8387
32 80 30 81 1 1 0 0 0 81 81 81 42.0938
33 80 30 77 26 26 0.01 0 0 77 77 77 43.1515
34 80 30 82 13 13 0.01 0 0 82 82 82 44.2941
35 80 30 79 2 2 0 0 0 79 79 79 45.2857
36 80 30 85 1 1 0 0 0 85 85 85 46.3889
37 80 30 89 315 315 0.19 0 0 89 89 89 47.5405
38 80 30 89 1 1 0 0 0 89 89 89 48.6316
39 80 30 93 121 121 0.07 0 0 93 93 93 49.7692
40 80 30 81 48 48 0.03 0 0 81 81 81 50.55
41 100 30 92 1 1 0 0 0 92 92 92 51.561
42 100 30 102 8 8 0.01 0 0 102 102 102 52.7619
43 100 30 89 173 173 0.14 0 0 89 89 89 53.6047
44 100 30 97 1 1 0 0 0 97 97 97 54.5909
45 100 30 101 8 8 0 0 0 101 101 101 55.6222
46 100 30 113 137 137 0.11 0 0 113 113 113 56.8696
47 100 30 92 1 1 0 0 0 92 92 92 57.617
48 100 30 105 1 1 0 0 0 105 105 105 58.6042
49 100 30 100 1 1 0 0 0 100 100 100 59.449
50 100 30 114 298 298 0.22 0 0 114 114 114 60.54

Thu Feb  9 16:24:15 2012

[BL] fImproved 1 pInvertShove 0 0.03  [Solver] instFirst 1 instLast 1000000 statPeriod 10 fWriteSolution 0 nPType 0 [Sub_2DSPP] nScaleW 0 vsp -0.8 0.5  pTower 0 0  pChangeP_TIP 0.01 pInvertHole 0 0.05  pPermutateHole 0.8 1  pBubbleHole 0.6 0.9  [Sub_RCPSP] nScaleW 0 vsp -0.8 0.5  [SVC_2DSPP] MaxTime 360 MaxIter 1e+100 NIterRandom 0 NIterSVC 1 ValReset 1000 19000  blockw_pow 2.1 0.1  p_bwpnew 0.1 BaseOrdering 2 1 1 1  p_choose 0.6 0.6  [SVC_RCPSP] MaxTime 360 MaxIter 1e+100 ValReset 1000 19000  blockw_pow 2.1 0.1  p_bwpnew 0.1 BaseOrdering 2 1 1 1  p_choose 0.6 0.6  
inst  m   W   SVC: UB  it_best/all tm_best/all gap%  TmRow: 10 60 inf ave_best^
1 20 30 22 230 230 0 0 0 22 22 22 22
2 20 30 15 28 28 0 0 0 15 15 15 18.5
3 20 30 22 1633 1633 0.16 0 0 22 22 22 19.6667
4 20 30 16 600 600 0.06 0 0 16 16 16 18.75
5 20 30 18 216 216 0.02 0 0 18 18 18 18.6
6 20 30 25 218 218 0.02 0 0 25 25 25 19.6667
7 20 30 18 3 3 0 0 0 18 18 18 19.4286
