C_2_51 LB=0 UB=22
20
30
5	9
4	2
10	6
5	7
6	3
10	7
1	5
3	5
6	9
2	4
6	7
7	2
8	3
4	10
4	5
10	3
8	3
7	8
8	3
8	7

C_2_52 LB=0 UB=15
20
30
2	2
6	8
10	2
1	3
8	4
3	10
1	9
1	5
6	3
1	1
4	2
9	2
1	9
9	5
4	7
2	2
3	4
9	7
4	1
9	8

C_2_53 LB=0 UB=22
20
30
7	5
10	6
5	6
7	2
4	8
9	10
8	5
8	6
4	9
9	3
3	10
9	5
1	7
8	9
4	6
3	6
4	3
10	2
6	1
1	4

C_2_54 LB=0 UB=16
20
30
4	7
1	3
6	7
8	2
9	4
6	2
7	7
3	6
2	7
1	3
3	8
4	3
1	9
8	1
1	10
7	6
9	5
3	7
8	3
6	9

C_2_55 LB=0 UB=18
20
30
10	4
2	10
2	4
10	10
7	2
9	10
5	6
7	5
1	7
5	3
3	9
9	4
2	10
4	3
2	2
4	9
2	8
1	1
1	7
4	4

C_2_56 LB=0 UB=25
20
30
2	7
8	2
3	9
9	5
2	8
10	10
6	8
6	9
8	7
5	6
1	6
7	9
3	10
7	9
6	7
3	10
3	7
5	10
3	5
10	1

C_2_57 LB=0 UB=18
20
30
10	5
10	1
3	7
4	3
2	9
10	2
3	1
10	8
3	8
7	1
3	7
1	4
8	10
2	7
5	1
4	1
6	8
5	9
5	2
6	9

