C_2_51 LB=0 UB=22
20
30
5	9
4	2
10	6
5	7
6	3
10	7
1	5
3	5
6	9
2	4
6	7
7	2
8	3
4	10
4	5
10	3
8	3
7	8
8	3
8	7

C_2_52 LB=0 UB=15
20
30
2	2
6	8
10	2
1	3
8	4
3	10
1	9
1	5
6	3
1	1
4	2
9	2
1	9
9	5
4	7
2	2
3	4
9	7
4	1
9	8

C_2_53 LB=0 UB=22
20
30
7	5
10	6
5	6
7	2
4	8
9	10
8	5
8	6
4	9
9	3
3	10
9	5
1	7
8	9
4	6
3	6
4	3
10	2
6	1
1	4

C_2_54 LB=0 UB=16
20
30
4	7
1	3
6	7
8	2
9	4
6	2
7	7
3	6
2	7
1	3
3	8
4	3
1	9
8	1
1	10
7	6
9	5
3	7
8	3
6	9

C_2_55 LB=0 UB=18
20
30
10	4
2	10
2	4
10	10
7	2
9	10
5	6
7	5
1	7
5	3
3	9
9	4
2	10
4	3
2	2
4	9
2	8
1	1
1	7
4	4

C_2_56 LB=0 UB=25
20
30
2	7
8	2
3	9
9	5
2	8
10	10
6	8
6	9
8	7
5	6
1	6
7	9
3	10
7	9
6	7
3	10
3	7
5	10
3	5
10	1

C_2_57 LB=0 UB=18
20
30
10	5
10	1
3	7
4	3
2	9
10	2
3	1
10	8
3	8
7	1
3	7
1	4
8	10
2	7
5	1
4	1
6	8
5	9
5	2
6	9

C_2_58 LB=0 UB=17
20
30
9	5
4	1
2	8
9	4
2	1
6	4
4	4
6	1
5	1
5	4
6	2
10	9
2	5
1	3
10	7
4	7
2	5
6	6
2	9
8	7

C_2_59 LB=0 UB=21
20
30
6	4
3	4
10	5
6	8
4	10
8	9
7	8
5	2
6	9
9	3
7	9
5	5
1	4
9	2
4	7
4	1
2	10
4	3
8	3
6	4

C_2_60 LB=0 UB=23
20
30
8	10
6	5
3	2
10	10
8	8
2	2
2	6
10	6
2	9
5	8
3	9
2	1
9	5
7	8
2	8
3	8
2	3
4	2
8	6
6	3

C_2_61 LB=0 UB=30
40
30
2	2
6	8
10	2
1	3
8	4
3	10
1	9
1	5
6	3
1	1
4	2
9	2
1	9
9	5
4	7
2	2
3	4
9	7
4	1
9	8
4	3
6	5
4	7
10	4
9	5
1	2
7	1
3	1
8	3
4	4
7	2
6	9
2	2
2	8
4	1
10	6
7	1
3	9
9	5
3	8

C_2_62 LB=0 UB=36
40
30
4	7
1	3
6	7
8	2
9	4
6	2
7	7
3	6
2	7
1	3
3	8
4	3
1	9
8	1
1	10
7	6
9	5
3	7
8	3
6	9
2	5
5	1
8	4
6	3
7	10
5	10
5	2
5	9
9	6
10	2
9	9
7	2
1	2
8	9
2	10
7	2
3	10
2	7
9	4
3	1

C_2_63 LB=0 UB=47
40
30
2	7
8	2
3	9
9	5
2	8
10	10
6	8
6	9
8	7
5	6
1	6
7	9
3	10
7	9
6	7
3	10
3	7
5	10
3	5
10	1
6	9
3	6
7	10
7	4
4	2
5	5
8	4
6	4
4	5
10	9
8	2
3	1
3	1
1	5
2	3
6	7
4	4
3	10
10	10
8	8

C_2_64 LB=0 UB=42
40
30
9	5
4	1
2	8
9	4
2	1
6	4
4	4
6	1
5	1
5	4
6	2
10	9
2	5
1	3
10	7
4	7
2	5
6	6
2	9
8	7
7	5
5	2
10	10
4	5
4	5
7	4
7	5
8	9
10	8
5	6
8	4
9	2
9	8
4	9
3	8
8	10
5	5
3	4
3	3
2	1

C_2_65 LB=0 UB=46
40
30
8	10
6	5
3	2
10	10
8	8
2	2
2	6
10	6
2	9
5	8
3	9
2	1
9	5
7	8
2	8
3	8
2	3
4	2
8	6
6	3
5	10
3	10
2	9
8	5
9	10
8	10
1	5
5	5
5	7
4	10
2	6
2	10
8	1
10	2
10	8
3	8
8	4
8	2
8	10
7	1

C_2_66 LB=0 UB=36
40
30
3	6
7	1
5	7
4	4
1	4
10	2
5	7
6	2
5	2
7	6
1	6
10	8
9	1
8	6
7	10
3	1
4	1
4	7
6	6
1	2
1	10
1	8
9	9
9	8
5	5
8	1
7	2
1	7
6	8
7	1
7	5
6	1
6	6
3	9
6	10
7	7
1	8
7	5
8	3
8	2

C_2_67 LB=0 UB=36
40
30
1	3
6	6
4	10
1	10
2	9
1	7
7	7
3	3
4	5
9	4
9	7
2	3
6	2
2	2
6	1
8	1
9	8
6	10
6	10
3	4
1	10
10	10
2	1
2	10
9	1
6	8
8	1
4	2
6	6
10	3
5	4
2	5
8	5
1	6
3	4
1	7
3	9
10	3
10	10
10	2

C_2_68 LB=0 UB=49
40
30
10	1
3	1
9	7
9	5
9	4
8	5
9	5
6	2
8	9
9	10
3	6
9	8
9	1
10	5
10	2
1	8
8	10
1	3
2	10
7	1
4	9
5	8
6	7
6	10
8	1
6	9
10	7
1	10
6	7
4	10
6	4
7	10
8	8
10	4
9	8
3	2
6	10
1	2
9	1
2	1

C_2_69 LB=0 UB=34
40
30
5	1
6	2
3	6
2	3
1	4
3	5
4	4
2	6
9	3
2	7
8	8
1	3
5	10
10	1
8	3
4	3
8	5
1	3
9	7
1	9
9	5
9	2
10	4
3	6
5	7
4	10
3	9
6	3
4	6
8	2
3	10
10	2
9	5
6	7
1	10
5	9
4	5
7	8
7	4
8	3

C_2_70 LB=0 UB=35
40
30
8	6
9	4
4	6
1	3
3	3
5	3
6	6
8	8
6	7
10	5
3	8
8	6
6	9
8	4
1	10
2	9
4	6
4	10
9	4
1	3
7	6
6	5
9	6
2	7
4	1
7	4
7	4
2	3
5	8
2	6
1	1
4	7
8	4
1	4
4	2
5	8
1	3
5	3
2	7
1	7

C_2_71 LB=0 UB=67
60
30
7	5
10	6
5	6
7	2
4	8
9	10
8	5
8	6
4	9
9	3
3	10
9	5
1	7
8	9
4	6
3	6
4	3
10	2
6	1
1	4
7	4
10	2
8	9
4	2
4	8
6	1
2	5
9	10
4	8
1	4
4	7
3	10
10	8
10	10
2	8
9	8
7	9
3	2
10	4
4	3
3	1
1	5
1	2
4	6
2	2
10	8
6	7
4	4
8	9
9	3
7	2
8	5
2	4
10	5
8	7
5	1
3	4
8	5
9	4
8	9

C_2_72 LB=0 UB=59
60
30
2	7
8	2
3	9
9	5
2	8
10	10
6	8
6	9
8	7
5	6
1	6
7	9
3	10
7	9
6	7
3	10
3	7
5	10
3	5
10	1
6	9
3	6
7	10
7	4
4	2
5	5
8	4
6	4
4	5
10	9
8	2
3	1
3	1
1	5
2	3
6	7
4	4
3	10
10	10
8	8
3	3
4	8
3	8
5	2
9	2
8	3
7	6
5	1
4	4
9	5
1	6
10	1
3	10
8	6
7	3
6	1
5	2
4	1
1	7
3	3

C_2_73 LB=0 UB=61
60
30
6	4
3	4
10	5
6	8
4	10
8	9
7	8
5	2
6	9
9	3
7	9
5	5
1	4
9	2
4	7
4	1
2	10
4	3
8	3
6	4
5	6
2	1
10	4
6	4
6	4
5	9
7	8
2	3
1	10
10	7
7	7
7	6
2	2
4	7
3	8
6	2
1	3
10	5
10	8
8	4
8	8
4	10
7	1
6	7
10	7
5	3
5	1
5	10
5	1
5	1
2	8
4	5
5	6
9	2
5	4
6	7
6	2
6	9
7	4
4	7

C_2_74 LB=0 UB=61
60
30
3	6
7	1
5	7
4	4
1	4
10	2
5	7
6	2
5	2
7	6
1	6
10	8
9	1
8	6
7	10
3	1
4	1
4	7
6	6
1	2
1	10
1	8
9	9
9	8
5	5
8	1
7	2
1	7
6	8
7	1
7	5
6	1
6	6
3	9
6	10
7	7
1	8
7	5
8	3
8	2
8	5
9	5
7	3
10	10
1	2
6	9
3	1
4	5
5	10
6	8
7	4
5	7
9	10
1	8
6	10
3	8
5	8
7	8
8	1
10	3

C_2_75 LB=0 UB=55
60
30
3	1
4	4
6	9
9	9
5	8
10	7
1	7
3	4
9	6
9	6
5	9
4	5
2	5
4	6
4	5
1	5
8	2
10	5
6	6
8	10
1	6
6	7
3	8
8	8
1	9
4	6
1	10
2	1
10	6
9	3
9	4
2	5
3	6
1	7
9	6
2	10
9	2
3	7
7	4
3	6
1	8
8	9
2	1
5	10
4	5
7	7
5	3
6	1
7	4
1	6
3	8
3	1
2	10
6	5
4	8
8	5
5	3
1	6
1	10
9	2

C_2_76 LB=0 UB=56
60
30
5	1
6	2
3	6
2	3
1	4
3	5
4	4
2	6
9	3
2	7
8	8
1	3
5	10
10	1
8	3
4	3
8	5
1	3
9	7
1	9
9	5
9	2
10	4
3	6
5	7
4	10
3	9
6	3
4	6
8	2
3	10
10	2
9	5
6	7
1	10
5	9
4	5
7	8
7	4
8	3
10	6
4	9
7	2
7	5
7	5
2	1
1	5
6	2
2	1
10	5
10	9
9	1
4	5
10	6
10	3
5	7
5	4
7	4
10	9
6	3

C_2_77 LB=0 UB=50
60
30
5	8
8	3
5	4
8	10
3	7
9	10
7	2
4	3
9	5
2	4
1	9
4	2
3	8
3	6
4	9
9	1
1	3
1	6
10	6
4	1
3	4
7	1
3	10
10	3
10	6
8	9
3	2
8	2
8	8
2	2
2	9
4	8
6	2
1	6
5	9
6	3
7	4
2	1
1	5
7	3
4	3
2	7
3	2
3	5
9	10
5	1
6	8
1	3
2	1
5	2
9	7
5	2
10	6
2	1
4	3
1	1
1	7
8	5
7	7
6	2

C_2_78 LB=0 UB=63
60
30
3	10
8	9
7	5
10	8
10	5
1	4
3	7
8	10
1	3
1	6
1	7
6	3
5	6
1	4
7	3
5	7
5	1
4	4
10	8
5	9
6	6
1	10
1	8
4	8
7	3
3	7
7	1
9	6
10	7
6	4
6	9
2	8
10	8
9	3
1	9
1	3
8	8
4	10
6	8
2	3
4	2
7	4
2	9
9	5
4	10
7	6
9	8
7	7
8	3
5	2
5	4
4	1
7	7
8	2
7	9
4	2
7	1
4	8
7	8
2	10

C_2_79 LB=0 UB=58
60
30
5	6
6	1
7	2
2	8
2	3
8	1
5	1
4	5
5	10
4	4
1	9
7	10
8	8
3	3
5	1
8	2
2	7
8	2
3	7
5	2
7	4
4	2
5	8
2	7
10	8
10	4
2	10
3	4
10	10
8	3
10	2
7	8
9	7
3	9
8	6
6	2
2	8
6	4
9	7
7	6
9	3
7	3
7	6
7	3
10	10
2	6
1	3
10	7
3	7
1	4
5	5
10	8
6	5
5	3
2	10
7	7
1	2
10	2
3	10
3	1

C_2_80 LB=0 UB=71
60
30
8	8
3	8
5	5
3	2
9	4
8	10
9	2
5	6
1	10
6	7
2	3
5	6
4	8
10	6
10	7
2	5
8	4
5	4
10	7
7	9
10	7
9	5
6	8
6	5
9	8
6	3
3	9
9	7
6	4
10	8
10	2
8	1
8	3
2	2
9	3
7	4
4	8
1	10
6	10
6	9
4	3
6	2
9	6
8	2
6	9
3	8
2	6
7	2
8	6
6	6
8	10
3	10
1	2
10	4
8	9
7	3
3	4
4	4
3	9
6	9

C_2_81 LB=0 UB=76
80
30
4	7
1	3
6	7
8	2
9	4
6	2
7	7
3	6
2	7
1	3
3	8
4	3
1	9
8	1
1	10
7	6
9	5
3	7
8	3
6	9
2	5
5	1
8	4
6	3
7	10
5	10
5	2
5	9
9	6
10	2
9	9
7	2
1	2
8	9
2	10
7	2
3	10
2	7
9	4
3	1
7	6
6	6
9	3
8	5
9	8
1	6
5	4
8	1
8	9
7	4
2	5
1	3
5	5
2	9
9	8
9	6
7	4
3	3
8	8
8	9
2	8
2	10
4	5
7	4
3	3
6	2
8	1
8	7
4	9
4	8
10	1
7	6
6	6
7	6
6	5
3	5
9	1
1	4
6	4
7	7

C_2_82 LB=0 UB=81
80
30
9	5
4	1
2	8
9	4
2	1
6	4
4	4
6	1
5	1
5	4
6	2
10	9
2	5
1	3
10	7
4	7
2	5
6	6
2	9
8	7
7	5
5	2
10	10
4	5
4	5
7	4
7	5
8	9
10	8
5	6
8	4
9	2
9	8
4	9
3	8
8	10
5	5
3	4
3	3
2	1
8	10
4	6
4	8
9	7
10	10
2	5
5	5
1	5
6	3
8	3
9	10
5	2
5	2
2	5
10	1
9	1
10	2
10	1
7	1
4	9
6	1
2	2
4	6
7	2
2	3
9	4
5	4
7	5
10	3
7	6
9	7
6	2
5	9
5	10
8	2
9	2
8	4
6	2
9	6
6	8

C_2_83 LB=0 UB=77
80
30
3	6
7	1
5	7
4	4
1	4
10	2
5	7
6	2
5	2
7	6
1	6
10	8
9	1
8	6
7	10
3	1
4	1
4	7
6	6
1	2
1	10
1	8
9	9
9	8
5	5
8	1
7	2
1	7
6	8
7	1
7	5
6	1
6	6
3	9
6	10
7	7
1	8
7	5
8	3
8	2
8	5
9	5
7	3
10	10
1	2
6	9
3	1
4	5
5	10
6	8
7	4
5	7
9	10
1	8
6	10
3	8
5	8
7	8
8	1
10	3
9	2
4	1
6	4
2	1
10	5
2	1
5	7
6	5
9	3
8	7
3	1
6	10
2	3
1	2
4	3
7	5
9	9
3	2
3	2
8	2

C_2_84 LB=0 UB=82
80
30
10	1
3	1
9	7
9	5
9	4
8	5
9	5
6	2
8	9
9	10
3	6
9	8
9	1
10	5
10	2
1	8
8	10
1	3
2	10
7	1
4	9
5	8
6	7
6	10
8	1
6	9
10	7
1	10
6	7
4	10
6	4
7	10
8	8
10	4
9	8
3	2
6	10
1	2
9	1
2	1
4	2
5	6
8	8
7	8
2	6
5	10
1	8
10	3
3	8
6	5
8	4
1	2
1	7
6	2
10	1
7	5
6	4
9	6
3	8
5	3
9	6
10	7
6	7
10	2
7	1
7	7
1	4
5	1
8	2
3	1
4	7
10	3
5	3
3	8
3	9
8	2
3	5
6	1
1	5
3	7

C_2_85 LB=0 UB=79
80
30
8	6
9	4
4	6
1	3
3	3
5	3
6	6
8	8
6	7
10	5
3	8
8	6
6	9
8	4
1	10
2	9
4	6
4	10
9	4
1	3
7	6
6	5
9	6
2	7
4	1
7	4
7	4
2	3
5	8
2	6
1	1
4	7
8	4
1	4
4	2
5	8
1	3
5	3
2	7
1	7
5	9
10	2
3	7
7	1
8	2
5	3
9	9
7	8
7	4
2	2
6	10
10	1
5	10
6	7
4	3
9	4
7	9
8	1
3	4
8	8
3	4
8	9
10	2
8	3
4	10
3	1
4	8
10	7
6	6
1	8
7	9
9	7
8	4
4	6
4	3
5	5
2	10
8	4
4	2
10	8

C_2_86 LB=0 UB=85
80
30
3	10
8	9
7	5
10	8
10	5
1	4
3	7
8	10
1	3
1	6
1	7
6	3
5	6
1	4
7	3
5	7
5	1
4	4
10	8
5	9
6	6
1	10
1	8
4	8
7	3
3	7
7	1
9	6
10	7
6	4
6	9
2	8
10	8
9	3
1	9
1	3
8	8
4	10
6	8
2	3
4	2
7	4
2	9
9	5
4	10
7	6
9	8
7	7
8	3
5	2
5	4
4	1
7	7
8	2
7	9
4	2
7	1
4	8
7	8
2	10
7	7
6	4
2	10
6	7
10	1
8	10
1	8
9	8
10	1
1	9
5	6
7	3
6	10
5	5
9	5
7	3
2	4
8	8
4	6
4	4

C_2_87 LB=0 UB=89
80
30
6	9
3	4
9	5
10	2
5	7
6	5
9	6
3	1
9	6
4	10
6	5
8	7
4	5
5	10
2	9
10	10
10	6
2	2
2	6
10	2
7	5
9	3
5	9
8	9
2	10
7	7
4	3
10	8
3	5
6	8
4	6
6	3
4	3
4	5
4	2
7	9
9	5
7	2
6	6
9	5
7	2
10	3
5	6
1	3
10	1
7	7
2	5
6	9
5	9
8	7
7	8
8	1
9	9
3	8
6	5
6	3
6	8
10	8
9	7
4	8
10	2
7	1
7	10
5	7
1	6
6	1
6	3
10	1
1	4
3	8
5	8
1	7
5	5
6	4
7	10
2	2
2	2
8	5
6	10
4	10

C_2_88 LB=0 UB=89
80
30
6	1
1	4
8	4
1	3
9	10
6	3
6	10
8	3
5	7
2	3
7	1
4	7
8	1
7	4
4	3
5	5
8	3
5	4
2	4
9	8
6	10
10	9
10	8
8	2
9	10
3	4
10	10
8	6
5	6
3	3
8	8
9	3
7	2
9	6
3	5
1	7
10	9
7	3
6	7
1	7
2	7
1	2
3	1
8	7
7	4
6	1
4	2
4	10
10	6
1	2
1	3
4	7
9	8
8	1
8	4
7	10
7	4
3	6
5	7
5	3
9	4
5	10
5	8
5	7
4	9
5	8
2	6
5	3
5	4
9	10
6	2
7	6
7	10
7	7
8	3
6	6
9	8
1	6
5	7
2	5

C_2_89 LB=0 UB=93
80
30
9	4
7	6
3	10
1	3
6	2
7	2
5	6
6	5
10	9
9	5
7	2
5	2
3	10
8	6
9	1
8	1
10	5
5	5
4	7
3	9
1	4
10	8
6	9
8	10
7	5
10	5
5	1
4	8
4	6
3	7
2	6
9	3
1	9
1	10
4	5
10	7
10	10
10	3
9	10
10	5
7	7
10	9
10	5
4	6
10	3
1	2
2	1
2	3
3	3
10	1
3	8
5	1
9	7
6	10
7	4
9	9
9	6
10	2
9	6
3	9
4	7
9	8
7	6
9	6
1	7
2	10
4	2
3	10
7	9
9	2
5	10
3	4
5	9
8	5
10	4
2	1
2	6
7	10
10	9
6	2

C_2_90 LB=0 UB=81
80
30
8	5
8	8
7	1
6	6
5	1
2	2
4	3
4	9
7	9
2	6
3	3
3	2
2	3
2	3
9	10
2	7
2	9
6	4
2	6
3	10
3	4
3	1
4	6
2	9
5	1
6	8
10	10
7	7
8	6
10	6
10	8
1	9
9	8
3	5
5	8
10	5
7	8
9	3
1	8
2	6
4	3
2	7
7	10
9	8
5	1
3	9
5	10
7	1
9	4
1	7
1	6
6	5
9	9
5	7
3	1
6	7
9	3
1	3
4	10
4	5
10	10
3	10
10	3
9	3
3	4
6	6
9	1
3	5
3	5
9	5
3	1
1	10
10	5
4	2
9	10
2	10
6	9
7	5
4	1
8	2

C_2_91 LB=0 UB=92
100
30
10	4
2	10
2	4
10	10
7	2
9	10
5	6
7	5
1	7
5	3
3	9
9	4
2	10
4	3
2	2
4	9
2	8
1	1
1	7
4	4
6	10
4	6
3	10
6	9
3	6
6	7
2	9
7	7
6	4
3	10
7	8
1	2
10	2
3	9
2	10
2	4
4	1
8	9
10	6
10	4
9	9
4	9
2	7
7	9
3	3
10	1
10	10
8	7
3	6
8	1
8	2
2	1
2	3
4	8
7	7
2	6
6	4
7	3
7	9
3	10
3	10
8	2
6	8
4	7
5	7
4	5
1	5
7	2
8	4
3	4
4	7
7	3
1	3
8	3
3	2
5	3
6	10
3	2
4	3
1	7
9	3
9	4
1	5
1	4
9	5
6	3
9	6
5	7
7	2
2	9
6	10
4	1
10	2
3	3
6	1
4	5
6	7
4	2
4	10
4	1

C_2_92 LB=0 UB=102
100
30
8	10
6	5
3	2
10	10
8	8
2	2
2	6
10	6
2	9
5	8
3	9
2	1
9	5
7	8
2	8
3	8
2	3
4	2
8	6
6	3
5	10
3	10
2	9
8	5
9	10
8	10
1	5
5	5
5	7
4	10
2	6
2	10
8	1
10	2
10	8
3	8
8	4
8	2
8	10
7	1
7	1
4	8
6	4
7	6
10	1
6	3
7	6
7	10
7	7
8	2
5	5
8	7
9	4
3	5
10	2
1	1
2	1
2	3
3	4
1	2
5	10
6	2
1	9
8	2
10	6
2	2
2	10
4	6
3	10
7	3
9	1
5	3
2	2
5	2
7	3
8	6
1	8
10	7
5	6
7	10
3	8
1	2
4	8
7	4
9	3
2	1
2	6
7	10
10	9
7	3
6	2
9	4
3	5
5	10
9	3
9	4
5	4
9	9
6	8
5	3

C_2_93 LB=0 UB=89
100
30
3	1
4	4
6	9
9	9
5	8
10	7
1	7
3	4
9	6
9	6
5	9
4	5
2	5
4	6
4	5
1	5
8	2
10	5
6	6
8	10
1	6
6	7
3	8
8	8
1	9
4	6
1	10
2	1
10	6
9	3
9	4
2	5
3	6
1	7
9	6
2	10
9	2
3	7
7	4
3	6
1	8
8	9
2	1
5	10
4	5
7	7
5	3
6	1
7	4
1	6
3	8
3	1
2	10
6	5
4	8
8	5
5	3
1	6
1	10
9	2
4	5
8	5
8	1
2	4
2	1
3	1
6	4
1	8
4	1
5	5
5	5
1	2
10	6
5	3
3	3
10	8
1	2
10	5
7	10
2	1
3	8
8	3
9	1
2	1
5	6
2	1
6	5
8	10
10	2
6	9
7	5
3	3
2	4
1	10
3	5
3	10
10	6
7	8
9	6
5	2

C_2_94 LB=0 UB=97
100
30
8	6
9	4
4	6
1	3
3	3
5	3
6	6
8	8
6	7
10	5
3	8
8	6
6	9
8	4
1	10
2	9
4	6
4	10
9	4
1	3
7	6
6	5
9	6
2	7
4	1
7	4
7	4
2	3
5	8
2	6
1	1
4	7
8	4
1	4
4	2
5	8
1	3
5	3
2	7
1	7
5	9
10	2
3	7
7	1
8	2
5	3
9	9
7	8
7	4
2	2
6	10
10	1
5	10
6	7
4	3
9	4
7	9
8	1
3	4
8	8
3	4
8	9
10	2
8	3
4	10
3	1
4	8
10	7
6	6
1	8
7	9
9	7
8	4
4	6
4	3
5	5
2	10
8	4
4	2
10	8
4	2
3	5
9	3
10	5
2	3
9	3
6	3
2	7
9	8
3	7
3	6
10	9
1	7
4	1
2	6
9	2
6	1
4	9
8	3
8	7

C_2_95 LB=0 UB=101
100
30
1	9
1	9
6	5
5	8
10	5
6	5
4	9
4	2
2	5
8	9
4	10
4	6
8	1
9	8
1	8
4	3
10	7
4	10
6	5
6	6
2	3
2	8
9	6
6	7
5	2
6	7
6	1
3	6
10	8
1	5
7	1
8	10
2	1
6	6
3	2
8	6
1	2
3	5
10	3
1	9
9	8
8	10
7	6
10	2
1	7
9	4
7	7
9	5
6	2
9	2
3	4
9	1
7	8
3	3
7	10
10	4
9	3
1	10
9	1
10	4
1	1
4	9
6	5
6	2
4	7
8	6
6	4
10	5
6	9
3	7
2	5
9	1
4	10
9	4
8	5
2	3
1	5
3	9
5	7
10	6
3	3
3	2
3	7
8	9
8	7
3	10
10	4
7	3
8	2
7	1
3	10
8	6
9	7
4	7
4	10
7	5
10	5
6	4
10	3
2	3

C_2_96 LB=0 UB=113
100
30
8	8
3	8
5	5
3	2
9	4
8	10
9	2
5	6
1	10
6	7
2	3
5	6
4	8
10	6
10	7
2	5
8	4
5	4
10	7
7	9
10	7
9	5
6	8
6	5
9	8
6	3
3	9
9	7
6	4
10	8
10	2
8	1
8	3
2	2
9	3
7	4
4	8
1	10
6	10
6	9
4	3
6	2
9	6
8	2
6	9
3	8
2	6
7	2
8	6
6	6
8	10
3	10
1	2
10	4
8	9
7	3
3	4
4	4
3	9
6	9
1	4
10	2
10	10
8	10
8	9
4	6
6	2
6	3
9	8
5	9
5	2
5	5
4	2
4	6
1	8
3	10
4	7
7	7
4	4
4	2
5	1
4	3
5	4
3	1
6	8
7	10
1	7
8	9
9	3
10	8
10	5
2	1
10	4
3	7
5	5
10	6
7	4
9	4
1	4
1	7

C_2_97 LB=0 UB=92
100
30
5	7
4	5
1	1
6	9
10	3
9	3
1	1
1	2
2	5
3	3
7	1
10	8
10	7
10	1
4	2
3	10
7	2
4	6
1	5
1	3
9	1
5	10
10	5
10	6
4	5
5	8
7	2
9	1
5	1
9	9
10	8
1	4
6	6
6	6
2	8
10	4
8	3
9	3
8	2
5	2
1	9
3	1
8	1
10	5
3	10
7	1
3	1
8	10
1	1
3	8
9	1
10	2
7	6
6	2
6	3
8	4
8	4
6	5
4	3
6	6
3	8
5	2
10	9
5	1
3	2
9	3
2	5
5	3
4	7
6	9
4	4
4	2
4	4
8	6
10	7
9	9
7	8
1	3
9	5
2	1
8	9
4	2
3	5
1	6
5	9
9	9
9	4
2	7
1	4
2	2
4	6
9	9
2	1
2	5
2	5
7	10
5	4
10	1
7	10
4	4

C_2_98 LB=0 UB=105
100
30
8	5
8	8
7	1
6	6
5	1
2	2
4	3
4	9
7	9
2	6
3	3
3	2
2	3
2	3
9	10
2	7
2	9
6	4
2	6
3	10
3	4
3	1
4	6
2	9
5	1
6	8
10	10
7	7
8	6
10	6
10	8
1	9
9	8
3	5
5	8
10	5
7	8
9	3
1	8
2	6
4	3
2	7
7	10
9	8
5	1
3	9
5	10
7	1
9	4
1	7
1	6
6	5
9	9
5	7
3	1
6	7
9	3
1	3
4	10
4	5
10	10
3	10
10	3
9	3
3	4
6	6
9	1
3	5
3	5
9	5
3	1
1	10
10	5
4	2
9	10
2	10
6	9
7	5
4	1
8	2
6	6
7	7
1	10
6	3
10	9
5	4
6	6
4	7
9	3
7	3
8	10
4	8
9	7
3	9
9	9
1	6
9	3
5	5
4	1
5	3

C_2_99 LB=0 UB=100
100
30
5	6
3	1
2	8
2	9
5	1
6	2
5	3
3	2
6	6
3	8
7	3
2	1
7	3
6	5
3	6
7	9
1	8
9	3
2	5
1	1
2	9
3	2
7	5
9	7
9	10
8	9
3	4
1	8
6	4
2	3
9	6
8	10
6	2
2	5
7	6
6	2
10	5
10	2
2	2
5	6
10	10
4	3
4	7
5	8
10	4
10	8
6	6
3	6
1	10
2	5
1	8
7	3
4	5
5	2
10	7
1	5
4	5
7	10
4	6
9	10
1	5
2	7
9	5
10	10
6	9
5	10
4	6
6	1
7	6
4	2
1	4
4	3
10	9
2	8
6	10
1	6
9	2
5	8
8	4
1	7
9	6
10	3
8	3
8	5
8	2
2	9
3	5
2	2
10	5
4	5
1	2
5	3
10	5
6	3
5	10
2	7
6	4
10	9
9	9
2	6

C_2_100 LB=0 UB=114
100
30
9	8
3	3
10	1
9	6
2	3
6	10
9	10
3	8
3	4
9	9
3	9
1	4
1	4
5	6
9	9
2	4
7	8
8	10
5	1
9	6
7	6
8	2
3	10
7	8
1	9
6	9
8	6
5	2
1	4
9	9
10	10
5	4
1	8
5	4
1	10
3	2
1	4
7	1
6	2
8	9
4	8
10	7
5	10
1	10
4	9
2	6
9	9
9	5
1	8
7	2
4	7
9	5
6	2
10	5
9	8
6	7
6	9
9	7
6	7
3	8
9	1
7	3
1	2
10	1
8	5
9	2
2	6
10	2
8	8
4	7
2	5
7	10
7	4
5	3
7	6
1	6
9	7
8	9
5	4
3	7
9	7
9	7
8	2
10	1
5	6
4	3
3	10
10	10
10	9
5	5
7	10
6	1
9	5
4	6
3	8
3	1
1	7
1	1
7	3
10	4

