Mon Aug 15 16:16:26 2005

 inst  m   W   SVC:tm it:all best Tm:1dh 1dv cg  UB  LBh  LBv
   1   20   40 0.02 1000  271 0.03  0.1   92%  188  185  185
   2   20   40 0.02 1000    6 0.03 0.11   78%  118  113  113
   3   20   40 0.02 1000   73 0.05 0.15   73%  201  190  190
   4   20   40 0.02 1000  447 0.04 0.09   92%  141  130  130
   5   20   40 0.02 1000  166 0.08  0.1   75%  155  141  141
   6   20   40 0.02 1000   23 0.07  0.1   76%  207  195  195
   7   20   40 0.02 1000   22 0.07 0.09   81%  147  137  137
   8   20   40 0.02 1000  174 0.04  0.1  100%  140  138  138
   9   20   40 0.02 1000   44 0.05 0.09   78%  189  175  175
  10   20   40 0.02 1000   48 0.02    0  100%  206  206    0
  11   40   40 0.04 1000  144 0.16 0.23   71%  239  228  228
  12   40   40 0.04 1000  768 0.12 0.31   76%  311  299  299
  13   40   40 0.04 1000   75 0.15 0.26   78%  396  377  377
  14   40   40 0.04 1000   47 0.14 0.25   82%  360  352  352
  15   40   40 0.04 1000   21 0.13 0.32   72%  411  403  403
  16   40   40 0.04 1000   19 0.04    0   75%  347  347    0
  17   40   40 0.04 1000  647 0.12 0.34   80%  324  308  308
  18   40   40 0.04 1000   73 0.06    0   83%  464  464    0
  19   40   40 0.04 1000  249 0.22 0.29   80%  288  268  268
  20   40   40 0.05 1000  225 0.23 0.33   75%  287  270  270
  21   60   40 0.06 1000  645 0.24 0.89   61%  591  590  590
  22   60   40 0.07 1000  347 0.35 0.75   62%  494  463  463
  23   60   40 0.06 1000  625 0.45 0.53   67%  526  501  501
  24   60   40 0.07 1000  399 0.21 0.69   50%  539  524  524
  25   60   40 0.07 1000  248 0.41 0.73   63%  471  436  436
  26   60   40 0.07 1000  525 0.32 0.67   58%  477  457  457
  27   60   40 0.07 1000  497 0.28 0.66   55%  422  415  415
  28   60   40 0.07 1000  345 0.23  0.8   65%  552  526  526
  29   60   40 0.07 1000  150 0.29 0.68   66%  504  477  477
  30   60   40 0.06 1000  750 0.16 0.98   52%  652  645  645
  31   80   40  0.1 1000   99 0.32 1.66   45%  668  667  667
  32   80   40 0.09 1000  267 0.36 1.57   41%  697  695  695
  33   80   40  0.1 1000  924 0.39 1.27   50%  673  657  657
  34   80   40  0.1 1000  121 0.32 1.98   45%  711  701  701
  35   80   40  0.1 1000  866 0.72 1.29   59%  652  625  625
  36   80   40  0.1 1000  516 0.35 1.82   41%  738  735  735
  37   80   40 0.09 1000  849 0.48 1.89   53%  773  758  758
  38   80   40  0.1 1000   99 0.33    0   72%  797  797    0
  39   80   40  0.1 1000  772 0.41 1.96   44%  826  785  785
  40   80   40 0.11 1000  848 0.67 1.54   57%  689  652  652
  41  100   40 0.14 1000  250 0.92 2.46   49%  758  719  719
  42  100   40 0.13 1000  622  0.7 3.29   40%  878  854  854
  43  100   40 0.14 1000  100  1.1 2.78   50%  759  706  706
  44  100   40 0.14 1000  700 1.09 2.97   47%  789  764  764
  45  100   40 0.13 1000  699 0.51 3.04   43%  869  860  860
  46  100   40 0.13 1000  949 0.49  3.8   34% 1001  981  981
  47  100   40 0.14 1000  824 0.62 3.28   34%  787  774  774
  48  100   40 0.13 1000  475 0.96 2.49   43%  888  840  840
  49  100   40 0.15 1000  422 0.74  3.2   45%  845  811  811
  50  100   40 0.14 1000  250 0.39    0   53% 1040 1040    0

Fri Sep 30 17:42:15 2005
 inst  m   W   SVC: UB  tm it:all best Tm:1dh 1dv cg  LBh  LBv
1 20 40 186 2.37 100000 18179 0 0 8.27 0 0 
2 20 40 114 2.61 100000 46 0 0 0 0 0 
3 20 40 195 2.4 100000 31034 0 0 3.94 0 0 
4 20 40 135 2.71 100000 846 0 0 0 0 0 
5 20 40 148 2.67 100000 3714 0 0 0 0 0 
6 20 40 203 2.52 100000 1850 0 0 0 0 0 
7 20 40 146 2.54 100000 4075 0 0 0 0 0 
8 20 40 139 2.5 100000 25 0 0 0 0 0 
9 20 40 185 2.38 100000 41 0 0 0 0 0 
10 20 40 206 2.44 100000 36 0 0 0 0 0 
11 40 40 234 5.31 100000 4072 0 0 3.13 0 0 
12 40 40 299 5.37 100000 85 0 0 0 0 0 
13 40 40 380 5.06 100000 3962 0 0 0 0 0 
14 40 40 352 4.54 100000 75 0 0 0 0 0 
15 40 40 404 5 100000 8030 0 0 0 0 0 
16 40 40 347 5.08 100000 19 0 0 0 0 0 
17 40 40 308 5.12 100000 23 0 0 0 0 0 
18 40 40 464 4.75 100000 27531 0 0 1.96 0 0 
19 40 40 279 5.26 100000 1605 0 0 0 0 0 
20 40 40 279 5.69 100000 47388 0 0 1.33 0 0 
21 60 40 590 7.74 100000 40 0 0 0.95 0 0 
22 60 40 471 8.19 100000 50765 0 0 1.32 0 0 
23 60 40 512 7.98 100000 22114 0 0 0 0 0 
24 60 40 528 7.89 100000 53009 0 0 0 0 0 
25 60 40 443 8.7 100000 42591 0 0 0 0 0 
26 60 40 461 7.91 100000 40859 0 0 0 0 0 
27 60 40 415 8.26 100000 306 0 0 0 0 0 
28 60 40 526 8.33 100000 1550 0 0 0 0 0 
29 60 40 482 8.03 100000 6276 0 0 0 0 0 
30 60 40 648 7.5 100000 37 0 0 0 0 0 
31 80 40 667 11.83 100000 77 0 0 0.73 0 0 
32 80 40 697 10.79 100000 21040 0 0 0.92 0 0 
33 80 40 661 11.42 100000 39024 0 0 0.85 0 0 
34 80 40 701 11.49 100000 158 0 0 0 0 0 
35 80 40 634 11.97 100000 29993 0 0 0 0 0 
36 80 40 735 11.95 100000 43 0 0 0 0 0 
37 80 40 768 11.32 100000 33030 0 0 0 0 0 
38 80 40 797 11.04 100000 51 0 0 0 0 0 
39 80 40 788 10.93 100000 71 0 0 0 0 0 
40 80 40 660 11.89 100000 4748 0 0 0 0 0 
41 100 40 740 16.86 100000 38805 0 0 1.25 0 0 
42 100 40 855 15.48 100000 74125 0 0 0.67 0 0 
43 100 40 723 16.62 100000 19501 0 0 0 0 0 
44 100 40 776 16.16 100000 17130 0 0 0 0 0 
45 100 40 860 16.05 100000 51 0 0 0 0 0 
46 100 40 981 15.03 100000 1049 0 0 0 0 0 
47 100 40 775 15.21 100000 482 0 0 0 0 0 
48 100 40 848 15.71 100000 52142 0 0 0 0 0 
49 100 40 811 16.11 100000 76727 0 0 0 0 0 
50 100 40 1040 15.55 100000 19 0 0 0 0 0 

Thu Oct  6 19:13:44 2005
 inst  m   W   SVC: UB  tm it:all best Tm:1dh 1dv cg  LBh  LBv
1 20 40 186 0.54 10000 1845 0 0 27.85 0 0 
2 20 40 114 0.61 10000 48 0 0 0 0 0 
3 20 40 195 0.56 10000 3748 0 0 13.43 0 0 
4 20 40 135 0.6 10000 846 0 0 0 0 0 
5 20 40 147 0.61 10000 530 0 0 0 0 0 
6 20 40 203 0.58 10000 1637 0 0 0 0 0 
7 20 40 146 0.55 10000 3018 0 0 0 0 0 
8 20 40 139 0.58 10000 66 0 0 0 0 0 
9 20 40 183 0.56 10000 9546 0 0 0 0 0 
10 20 40 206 0.56 10000 35 0 0 0 0 0 
11 40 40 234 1.22 10000 6496 0 0 14.39 0 0 
12 40 40 299 1.23 10000 1431 0 0 0 0 0 
13 40 40 383 1.19 10000 5979 0 0 0 0 0 
14 40 40 352 1.1 10000 42 0 0 0 0 0 
15 40 40 404 1.17 10000 56 0 0 0 0 0 
16 40 40 347 1.19 10000 18 0 0 0 0 0 
17 40 40 308 1.2 10000 60 0 0 0 0 0 
18 40 40 464 1.11 10000 6526 0 0 0 0 0 
19 40 40 281 1.2 10000 1438 0 0 0 0 0 
20 40 40 278 1.26 10000 9487 0 0 0 0 0 
21 60 40 590 1.76 10000 577 0 0 7.22 0 0 
22 60 40 473 1.82 10000 8070 0 0 4.9 0 0 
23 60 40 512 1.79 10000 6170 0 0 0 0 0 
24 60 40 531 1.79 10000 37 0 0 0 0 0 
25 60 40 448 1.97 10000 4351 0 0 0 0 0 
26 60 40 462 1.81 10000 3874 0 0 0 0 0 
27 60 40 415 1.85 10000 4718 0 0 0 0 0 
28 60 40 527 1.87 10000 277 0 0 0 0 0 
29 60 40 482 1.85 10000 4113 0 0 0 0 0 
30 60 40 648 1.73 10000 42 0 0 0 0 0 
31 80 40 667 2.56 10000 531 0 0 4.9 0 0 
32 80 40 697 2.39 10000 4198 0 0 3.43 0 0 
33 80 40 666 2.51 10000 3027 0 0 0 0 0 
34 80 40 701 2.52 10000 552 0 0 0 0 0 
35 80 40 636 2.64 10000 8369 0 0 1.56 0 0 
36 80 40 735 2.6 10000 56 0 0 0 0 0 
37 80 40 766 2.5 10000 6801 0 0 0 0 0 
38 80 40 797 2.46 10000 27 0 0 0 0 0 
39 80 40 788 2.45 10000 560 0 0 0 0 0 
40 80 40 663 2.6 10000 6276 0 0 0 0 0 
41 100 40 743 3.49 10000 7897 0 0 5.14 0 0 
42 100 40 857 3.32 10000 7096 0 0 0 0 0 
43 100 40 727 3.52 10000 125 0 0 0 0 0 
44 100 40 777 3.42 10000 1457 0 0 0 0 0 
45 100 40 860 3.32 10000 94 0 0 0 0 0 
46 100 40 981 3.22 10000 157 0 0 0 0 0 
47 100 40 775 3.24 10000 1402 0 0 0 0 0 
48 100 40 849 3.38 10000 1250 0 0 0 0 0 
49 100 40 813 3.39 10000 829 0 0 0 0 0 
50 100 40 1040 3.31 10000 62 0 0 0 0 0 

Sun Oct  9 19:28:25 2005
 inst  m   W   SVC: UB  tm it:all best Tm:1dh 1dv cg  LBh  LBv
1 20 40 188 1.72 10000 167 0 0 5.95 0 0 
2 20 40 114 1.49 10000 3 0 0 0 0 0 
3 20 40 195 1.57 10000 508 0 0 3.71 0 0 
4 20 40 141 1.54 10000 17 0 0 0 0 0 
5 20 40 150 1.58 10000 9 0 0 0 0 0 
6 20 40 207 1.68 10000 1057 0 0 3.49 0 0 
7 20 40 147 1.5 10000 5 0 0 0 0 0 
8 20 40 139 1.62 10000 535 0 0 0 0 0 
9 20 40 184 1.77 10000 1219 0 0 0 0 0 
10 20 40 210 1.7 10000 4 0 0 0 0 0 
11 40 40 238 4.24 10000 3094 0 0 3.79 0 0 
12 40 40 308 4.42 10000 1090 0 0 0 0 0 
13 40 40 387 4.74 10000 9543 0 0 1.81 0 0 
14 40 40 352 4.45 10000 1266 0 0 0 0 0 
15 40 40 406 4.51 10000 2086 0 0 0 0 0 
16 40 40 347 4.44 10000 5 0 0 0 0 0 
17 40 40 308 4.27 10000 19 0 0 0 0 0 
18 40 40 464 4.71 10000 229 0 0 0 0 0 
19 40 40 282 4.36 10000 2080 0 0 0 0 0 
20 40 40 281 4.31 10000 1245 0 0 0 0 0 
21 60 40 590 8.9 10000 255 0 0 1.24 0 0 
22 60 40 473 8.79 10000 2629 0 0 0.88 0 0 
23 60 40 511 9.31 10000 1525 0 0 0 0 0 
24 60 40 527 8.66 10000 1536 0 0 0 0 0 
25 60 40 454 8.75 10000 4720 0 0 0 0 0 
26 60 40 467 8.75 10000 3747 0 0 0 0 0 
27 60 40 417 8.16 10000 3151 0 0 0 0 0 
28 60 40 531 8.61 10000 1140 0 0 0 0 0 
29 60 40 486 8.92 10000 4545 0 0 0 0 0 
30 60 40 648 9.53 10000 15 0 0 0 0 0 
31 80 40 667 13.96 10000 9875 0 0 1.31 0 0 
32 80 40 697 14.56 10000 1077 0 0 0 0 0 
33 80 40 660 14.04 10000 1189 0 0 0 0 0 
34 80 40 701 14.51 10000 53 0 0 0 0 0 
35 80 40 638 13.97 10000 6274 0 0 0 0 0 
36 80 40 735 14.06 10000 35 0 0 0 0 0 
37 80 40 762 14.42 10000 1966 0 0 0 0 0 
38 80 40 797 14.18 10000 3 0 0 0 0 0 
39 80 40 788 14.18 10000 994 0 0 0 0 0 
40 80 40 670 14.2 10000 717 0 0 0 0 0 
41 100 40 740 20.16 10000 5211 0 0 0.84 0 0 
42 100 40 863 20.24 10000 2301 0 0 0 0 0 
43 100 40 729 20.29 10000 7368 0 0 0 0 0 
44 100 40 783 20.7 10000 792 0 0 0 0 0 
45 100 40 860 21.18 10000 204 0 0 0 0 0 
46 100 40 981 21.22 10000 601 0 0 0 0 0 
47 100 40 774 20.09 10000 913 0 0 0 0 0 
48 100 40 858 20.65 10000 187 0 0 0 0 0 
49 100 40 817 20.34 10000 5397 0 0 0 0 0 
50 100 40 1040 21.18 10000 13 0 0 0 0 0 

Mon Oct 10 14:09:11 2005
 inst  m   W   SVC: UB  tm it:all best Tm:1dh 1dv cg  LBh  LBv
1 20 40 190 1.63 10000 80 0 0 5.37 0 0 
2 20 40 114 1.39 10000 4 0 0 0 0 0 
3 20 40 196 1.57 10000 13 0 0 0 0 0 
4 20 40 141 1.47 10000 40 0 0 0 0 0 
5 20 40 151 1.51 10000 117 0 0 0 0 0 
6 20 40 209 1.53 10000 14 0 0 0 0 0 
7 20 40 147 1.46 10000 5003 0 0 5.79 0 0 
8 20 40 140 1.54 10000 66 0 0 0 0 0 
9 20 40 184 1.63 10000 22 0 0 0 0 0 
10 20 40 210 1.57 10000 7 0 0 0 0 0 
11 40 40 235 3.72 10000 856 0 0 3.63 0 0 
12 40 40 308 3.88 10000 19 0 0 0 0 0 
13 40 40 389 3.97 10000 5033 0 0 2.09 0 0 
14 40 40 353 3.86 10000 115 0 0 0 0 0 
15 40 40 405 4 10000 7258 0 0 1.77 0 0 
16 40 40 347 3.89 10000 5 0 0 0 0 0 
17 40 40 308 3.64 10000 98 0 0 0 0 0 
18 40 40 464 4.14 10000 7388 0 0 0 0 0 
19 40 40 284 3.76 10000 369 0 0 0 0 0 
20 40 40 282 3.79 10000 6187 0 0 0 0 0 
21 60 40 590 7.21 10000 32 0 0 0.96 0 0 
22 60 40 474 7.13 10000 1179 0 0 0.98 0 0 
23 60 40 511 7.55 10000 5268 0 0 1.1 0 0 
24 60 40 527 6.88 10000 71 0 0 0 0 0 
25 60 40 450 6.83 10000 896 0 0 0 0 0 
26 60 40 467 6.9 10000 6691 0 0 0 0 0 
27 60 40 418 6.73 10000 728 0 0 0 0 0 
28 60 40 533 6.99 10000 1673 0 0 0 0 0 
29 60 40 491 7.05 10000 7923 0 0 0 0 0 
30 60 40 648 7.4 10000 14 0 0 0 0 0 
31 80 40 667 10.53 10000 2546 0 0 1.48 0 0 
32 80 40 697 11.18 10000 5221 0 0 0.7 0 0 
33 80 40 660 10.52 10000 15 0 0 0 0 0 
34 80 40 701 10.99 10000 76 0 0 0 0 0 
35 80 40 642 10.74 10000 9554 0 0 0.69 0 0 
36 80 40 735 10.88 10000 50 0 0 0 0 0 
37 80 40 762 11.08 10000 249 0 0 0 0 0 
38 80 40 797 11.4 10000 3 0 0 0 0 0 
39 80 40 788 11.08 10000 532 0 0 0 0 0 
40 80 40 669 10.82 10000 6668 0 0 0 0 0 
41 100 40 743 14.95 10000 1940 0 0 1.01 0 0 
42 100 40 864 15.12 10000 2702 0 0 0.43 0 0 
43 100 40 728 14.67 10000 7407 0 0 0.54 0 0 
44 100 40 781 15.35 10000 3837 0 0 0 0 0 
45 100 40 860 15.75 10000 565 0 0 0 0 0 
46 100 40 981 15.84 10000 450 0 0 0 0 0 
47 100 40 776 14.68 10000 1231 0 0 0 0 0 
48 100 40 858 15.23 10000 5299 0 0 0 0 0 
49 100 40 817 14.93 10000 1234 0 0 0 0 0 
50 100 40 1040 15.65 10000 13 0 0 0 0 0 

Mon Oct 10 18:30:13 2005
 inst  m   W   SVC: UB  tm it:all best Tm:1dh 1dv cg  LBh  LBv
1 20 40 187 1.06 10000 75 0 0 8.14 0 0 
2 20 40 114 1.02 10000 3 0 0 0 0 0 
3 20 40 196 1.06 10000 25 0 0 0 0 0 
4 20 40 135 1.01 10000 846 0 0 6.54 0 0 
5 20 40 150 1.05 10000 5192 0 0 7.95 0 0 
6 20 40 201 1.03 10000 5344 0 0 0 0 0 
7 20 40 147 1.01 10000 18 0 0 0 0 0 
8 20 40 140 1.06 10000 58 0 0 0 0 0 
9 20 40 184 1.1 10000 23 0 0 0 0 0 
10 20 40 206 1.05 10000 13 0 0 0 0 0 
11 40 40 236 2.45 10000 3058 0 0 6.55 0 0 
12 40 40 306 2.46 10000 166 0 0 0 0 0 
13 40 40 387 2.53 10000 677 0 0 0 0 0 
14 40 40 352 2.51 10000 281 0 0 0 0 0 
15 40 40 406 2.52 10000 159 0 0 0 0 0 
16 40 40 347 2.49 10000 4 0 0 0 0 0 
17 40 40 308 2.39 10000 82 0 0 0 0 0 
18 40 40 465 2.62 10000 5755 0 0 2.74 0 0 
19 40 40 283 2.37 10000 292 0 0 0 0 0 
20 40 40 284 2.39 10000 487 0 0 0 0 0 
21 60 40 590 4.32 10000 308 0 0 2.65 0 0 
22 60 40 474 4.41 10000 134 0 0 0 0 0 
23 60 40 511 4.53 10000 9121 0 0 2 0 0 
24 60 40 529 4.33 10000 14 0 0 0 0 0 
25 60 40 452 4.25 10000 5111 0 0 0 0 0 
26 60 40 467 4.26 10000 1096 0 0 0 0 0 
27 60 40 417 4.21 10000 5334 0 0 0 0 0 
28 60 40 530 4.38 10000 109 0 0 0 0 0 
29 60 40 490 4.32 10000 663 0 0.01 0 0 0 
30 60 40 648 4.49 10000 44 0 0 0 0 0 
31 80 40 667 6.46 10000 104 0 0 1.43 0 0 
32 80 40 698 6.67 10000 570 0 0 0.92 0 0 
33 80 40 660 6.42 10000 23 0 0 0 0 0 
34 80 40 701 6.49 10000 219 0 0 0 0 0 
35 80 40 638 6.4 10000 1520 0 0 1 0 0 
36 80 40 735 6.6 10000 54 0 0 0 0 0 
37 80 40 761 6.59 10000 180 0 0 0 0 0 
38 80 40 797 6.54 10000 14 0 0 0 0 0 
39 80 40 788 6.58 10000 1050 0 0 0 0 0 
40 80 40 666 6.51 10000 6046 0 0 1.18 0 0 
41 100 40 737 8.98 10000 3168 0 0 1.79 0 0 
42 100 40 856 9.02 10000 630 0 0 0 0 0 
43 100 40 731 9 10000 749 0 0 0 0 0 
44 100 40 779 8.9 10000 783 0 0 0 0 0 
45 100 40 860 9.29 10000 98 0 0 0 0 0 
46 100 40 981 9.19 10000 512 0 0 0 0 0 
47 100 40 775 8.73 10000 454 0 0 0 0 0 
48 100 40 854 9.1 10000 7762 0 0 0.79 0 0 
49 100 40 820 8.81 10000 5204 0 0 0 0 0 
50 100 40 1040 9.22 10000 29 0 0 0 0 0 

Tue Oct 11 12:50:05 2005
 inst  m   W   SVC: UB  tm it:all best Tm:1dh 1dv cg  LBh  LBv
1 20 40 188 0.51 10000 43 0 0 14.74 0 0 
2 20 40 114 0.55 10000 25 0 0 0 0 0 
3 20 40 196 0.51 10000 1931 0 0 14.76 0 0 
4 20 40 135 0.57 10000 846 0 0 0 0 0 
5 20 40 149 0.56 10000 8494 0 0 15.42 0 0 
6 20 40 203 0.53 10000 2090 0 0 0 0 0 
7 20 40 147 0.51 10000 57 0 0 0 0 0 
8 20 40 139 0.52 10000 45 0 0 0 0 0 
9 20 40 186 0.49 10000 125 0 0 0 0 0 
10 20 40 206 0.52 10000 44 0 0 0 0 0 
11 40 40 235 1.12 10000 756 0 0 11.83 0 0 
12 40 40 303 1.11 10000 5177 0 0 7.56 0 0 
13 40 40 384 1.09 10000 1864 0 0 0 0 0 
14 40 40 352 1.01 10000 56 0 0 0 0 0 
15 40 40 406 1.08 10000 5098 0 0 0 0 0 
16 40 40 347 1.09 10000 18 0 0 0 0 0 
17 40 40 308 1.08 10000 94 0 0 0 0 0 
18 40 40 466 1.03 10000 5061 0 0 0 0 0 
19 40 40 279 1.13 10000 867 0 0 0 0 0 
20 40 40 280 1.17 10000 6450 0 0 0 0 0 
21 60 40 590 1.63 10000 76 0 0 5.31 0 0 
22 60 40 474 1.7 10000 745 0 0 3.82 0 0 
23 60 40 518 1.65 10000 5153 0 0 5.07 0 0 
24 60 40 534 1.67 10000 5026 0 0 0 0 0 
25 60 40 449 1.81 10000 2872 0 0 0 0 0 
26 60 40 461 1.66 10000 5990 0 0 0 0 0 
27 60 40 417 1.69 10000 8598 0 0 0 0 0 
28 60 40 526 1.73 10000 405 0 0 0 0 0 
29 60 40 484 1.67 10000 1321 0 0 0 0 0 
30 60 40 648 1.58 10000 47 0 0 0 0 0 
31 80 40 667 2.36 10000 48 0 0 3.28 0 0 
32 80 40 697 2.22 10000 5160 0 0 3.84 0 0 
33 80 40 672 2.32 10000 3980 0 0 0 0 0 
34 80 40 701 2.3 10000 1000 0 0 0 0 0 
35 80 40 635 2.41 10000 2069 0 0 0 0 0 
36 80 40 735 2.38 10000 66 0 0 0 0 0 
37 80 40 773 2.28 10000 93 0 0 0 0 0 
38 80 40 797 2.3 10000 163 0 0 0 0 0 
39 80 40 788 2.22 10000 121 0 0 0 0 0 
40 80 40 662 2.37 10000 2509 0 0 0 0 0 
41 100 40 742 3.23 10000 1409 0 0 4.48 0 0 
42 100 40 859 3.03 10000 6089 0 0.01 2.78 0 0 
43 100 40 722 3.21 10000 8696 0 0 2.2 0 0 
44 100 40 777 3.15 10000 5822 0 0 0 0 0 
45 100 40 860 3.09 10000 83 0 0 0 0 0 
46 100 40 981 2.98 10000 393 0 0 0 0 0 
47 100 40 775 2.97 10000 330 0 0 0 0 0 
48 100 40 850 3.09 10000 2302 0 0 0 0 0 
49 100 40 815 3.11 10000 1573 0 0 0 0 0 
50 100 40 1040 3.04 10000 91 0 0 0 0 0 

Fri Oct 21 16:40:11 2005
 inst  m   W   SVC: UB  tm it:all best Tm:1dh 1dv cg  LBh  LBv
1 20 40 189 1.48 10000 266 0 4.53634e-316 1.17709e-312 -1.07375e+09 0 
2 20 40 114 1.23 10000 13 0 4.53634e-316 1.17709e-312 -1.07375e+09 0 
3 20 40 195 1.35 10000 5002 0 4.53634e-316 1.17709e-312 -1.07375e+09 0 
4 20 40 141 1.27 10000 31 0 4.53634e-316 1.17709e-312 -1.07375e+09 0 
5 20 40 151 1.28 10000 91 0 4.53634e-316 1.17709e-312 -1.07375e+09 0 
6 20 40 208 1.3 10000 111 0 4.53634e-316 1.17709e-312 -1.07375e+09 0 
7 20 40 148 1.21 10000 11 0 4.53634e-316 1.17709e-312 -1.07375e+09 0 
8 20 40 139 1.36 10000 10 0 4.53634e-316 1.17709e-312 -1.07375e+09 0 
9 20 40 186 1.33 10000 14 0 4.53634e-316 1.17709e-312 -1.07375e+09 0 
10 20 40 210 1.36 10000 4 0 4.53634e-316 1.17709e-312 -1.07375e+09 0 
11 40 40 242 3.2 10000 1227 0 4.53634e-316 1.17709e-312 -1.07375e+09 0 
12 40 40 309 3.24 10000 7888 0 4.53634e-316 1.17709e-312 -1.07375e+09 0 
13 40 40 389 3.48 10000 1519 0 4.53634e-316 1.17709e-312 -1.07375e+09 0 
14 40 40 353 3.33 10000 10 0 4.53634e-316 1.17709e-312 -1.07375e+09 0 
15 40 40 410 3.36 10000 56 0 4.53634e-316 1.17709e-312 -1.07375e+09 0 
16 40 40 347 3.25 10000 3 0 4.53634e-316 1.17709e-312 -1.07375e+09 0 
17 40 40 308 3.1 10000 5 0 4.53634e-316 1.17709e-312 -1.07375e+09 0 
18 40 40 465 3.54 10000 5 0 4.53634e-316 1.17709e-312 -1.07375e+09 0 
19 40 40 284 3.25 10000 173 0 4.53634e-316 1.17709e-312 -1.07375e+09 0 
20 40 40 284 3.28 10000 246 0 4.53634e-316 1.17709e-312 -1.07375e+09 0 
21 60 40 590 6 10000 54 0 4.53634e-316 1.17709e-312 -1.07375e+09 0 
22 60 40 471 6.28 10000 769 0 4.53634e-316 1.17709e-312 -1.07375e+09 0 
23 60 40 511 6.55 10000 89 0 4.53634e-316 1.17709e-312 -1.07375e+09 0 
24 60 40 527 5.86 10000 4622 0 4.53634e-316 1.17709e-312 -1.07375e+09 0 
25 60 40 450 5.83 10000 5197 0 4.53634e-316 1.17709e-312 -1.07375e+09 0 
26 60 40 464 5.96 10000 395 0 4.53634e-316 1.17709e-312 -1.07375e+09 0 
27 60 40 417 6.03 10000 5430 0 4.53634e-316 1.17709e-312 -1.07375e+09 0 
28 60 40 532 5.96 10000 485 0 4.53634e-316 1.17709e-312 -1.07375e+09 0 
29 60 40 488 6.15 10000 8000 0 4.53634e-316 1.17709e-312 -1.07375e+09 0 
30 60 40 648 6.7 10000 43 0 4.53634e-316 1.17709e-312 -1.07375e+09 0 
31 80 40 669 8.97 10000 596 0 4.53634e-316 1.17709e-312 -1.07375e+09 0 
32 80 40 697 9.68 10000 3021 0 4.53634e-316 1.17709e-312 -1.07375e+09 0 
33 80 40 659 9.01 10000 6521 0 4.53634e-316 1.17709e-312 -1.07375e+09 0 
34 80 40 701 9.76 10000 152 0 4.53634e-316 1.17709e-312 -1.07375e+09 0 
35 80 40 636 9.96 10000 568 0 4.53634e-316 1.17709e-312 -1.07375e+09 0 
36 80 40 735 9.61 10000 36 0 4.53634e-316 1.17709e-312 -1.07375e+09 0 
37 80 40 760 9.9 10000 8638 0 4.53634e-316 1.17709e-312 -1.07375e+09 0 
38 80 40 797 10.2 10000 7 0 4.53634e-316 1.17709e-312 -1.07375e+09 0 
39 80 40 788 9.76 10000 86 0 4.53634e-316 1.17709e-312 -1.07375e+09 0 
40 80 40 667 9.41 10000 1067 0 4.53634e-316 1.17709e-312 -1.07375e+09 0 
41 100 40 741 12.91 10000 4386 0 4.53634e-316 1.17709e-312 -1.07375e+09 0 
42 100 40 861 13.48 10000 6576 0 4.53634e-316 1.17709e-312 -1.07375e+09 0 
43 100 40 723 12.93 10000 1768 0 4.53634e-316 1.17709e-312 -1.07375e+09 0 
44 100 40 777 13.73 10000 2584 0 4.53634e-316 1.17709e-312 -1.07375e+09 0 
45 100 40 860 13.79 10000 182 0 4.53634e-316 1.17709e-312 -1.07375e+09 0 
46 100 40 981 14.18 10000 71 0 4.53634e-316 1.17709e-312 -1.07375e+09 0 
47 100 40 774 12.76 10000 481 0 4.53634e-316 1.17709e-312 -1.07375e+09 0 
48 100 40 855 13.51 10000 9375 0 4.53634e-316 1.17709e-312 -1.07375e+09 0 
49 100 40 816 12.83 10000 1288 0 4.53634e-316 1.17709e-312 -1.07375e+09 0 
50 100 40 1040 13.97 10000 8 0 4.53634e-316 1.17709e-312 -1.07375e+09 0 

Fri Oct 21 17:13:31 2005
 inst  m   W   SVC: UB  tm it:all best Tm:1dh 1dv cg  LBh  LBv
1 20 40 189 1.43 10000 266 0 4.53634e-316 1.17709e-312 -1.07375e+09 0 
2 20 40 114 1.15 10000 13 0 4.53634e-316 1.17709e-312 -1.07375e+09 0 
3 20 40 195 1.29 10000 5002 0 4.53634e-316 1.17709e-312 -1.07375e+09 0 
4 20 40 141 1.16 10000 31 0 4.53634e-316 1.17709e-312 -1.07375e+09 0 
5 20 40 151 1.26 10000 91 0 4.53634e-316 1.17709e-312 -1.07375e+09 0 
6 20 40 208 1.23 10000 111 0 4.53634e-316 1.17709e-312 -1.07375e+09 0 
7 20 40 148 1.19 10000 11 0 4.53634e-316 1.17709e-312 -1.07375e+09 0 
8 20 40 139 1.3 10000 10 0 4.53634e-316 1.17709e-312 -1.07375e+09 0 
9 20 40 186 1.31 10000 14 0 4.53634e-316 1.17709e-312 -1.07375e+09 0 
10 20 40 210 1.3 10000 4 0 4.53634e-316 1.17709e-312 -1.07375e+09 0 
11 40 40 242 3.22 10000 1227 0 4.53634e-316 1.17709e-312 -1.07375e+09 0 
12 40 40 309 3.22 10000 7888 0 4.53634e-316 1.17709e-312 -1.07375e+09 0 
13 40 40 389 3.41 10000 1519 0 4.53634e-316 1.17709e-312 -1.07375e+09 0 
14 40 40 353 3.35 10000 10 0 4.53634e-316 1.17709e-312 -1.07375e+09 0 
15 40 40 410 3.41 10000 56 0 4.53634e-316 1.17709e-312 -1.07375e+09 0 
16 40 40 347 3.35 10000 3 0 4.53634e-316 1.17709e-312 -1.07375e+09 0 
17 40 40 308 3.1 10000 5 0 4.53634e-316 1.17709e-312 -1.07375e+09 0 
18 40 40 465 3.51 10000 5 0 4.53634e-316 1.17709e-312 -1.07375e+09 0 
19 40 40 284 3.17 10000 173 0 4.53634e-316 1.17709e-312 -1.07375e+09 0 
20 40 40 284 3.17 10000 246 0 4.53634e-316 1.17709e-312 -1.07375e+09 0 
21 60 40 590 6.09 10000 54 0 4.53634e-316 1.17709e-312 -1.07375e+09 0 
22 60 40 471 6.16 10000 769 0 4.53634e-316 1.17709e-312 -1.07375e+09 0 
23 60 40 511 6.42 10000 89 0 4.53634e-316 1.17709e-312 -1.07375e+09 0 
24 60 40 527 5.81 10000 4622 0 4.53634e-316 1.17709e-312 -1.07375e+09 0 
25 60 40 450 5.83 10000 5197 0 4.53634e-316 1.17709e-312 -1.07375e+09 0 
26 60 40 464 5.88 10000 395 0 4.53634e-316 1.17709e-312 -1.07375e+09 0 
27 60 40 417 5.94 10000 5430 0 4.53634e-316 1.17709e-312 -1.07375e+09 0 
28 60 40 532 5.92 10000 485 0 4.53634e-316 1.17709e-312 -1.07375e+09 0 
29 60 40 488 6.03 10000 8000 0 4.53634e-316 1.17709e-312 -1.07375e+09 0 
30 60 40 648 6.5 10000 43 0 4.53634e-316 1.17709e-312 -1.07375e+09 0 
31 80 40 669 9.15 10000 596 0 4.53634e-316 1.17709e-312 -1.07375e+09 0 
32 80 40 697 9.84 10000 3021 0 4.53634e-316 1.17709e-312 -1.07375e+09 0 
33 80 40 659 8.92 10000 6521 0 4.53634e-316 1.17709e-312 -1.07375e+09 0 
34 80 40 701 9.76 10000 152 0 4.53634e-316 1.17709e-312 -1.07375e+09 0 
35 80 40 636 9.82 10000 568 0 4.53634e-316 1.17709e-312 -1.07375e+09 0 
36 80 40 735 9.51 10000 36 0 4.53634e-316 1.17709e-312 -1.07375e+09 0 
37 80 40 760 9.92 10000 8638 0 4.53634e-316 1.17709e-312 -1.07375e+09 0 
38 80 40 797 10 10000 7 0 4.53634e-316 1.17709e-312 -1.07375e+09 0 
39 80 40 788 9.79 10000 86 0 4.53634e-316 1.17709e-312 -1.07375e+09 0 
40 80 40 667 9.37 10000 1067 0 4.53634e-316 1.17709e-312 -1.07375e+09 0 
41 100 40 741 12.83 10000 4386 0 4.53634e-316 1.17709e-312 -1.07375e+09 0 
42 100 40 861 13.27 10000 6576 0 4.53634e-316 1.17709e-312 -1.07375e+09 0 
43 100 40 723 12.91 10000 1768 0 4.53634e-316 1.17709e-312 -1.07375e+09 0 
44 100 40 777 13.54 10000 2584 0 4.53634e-316 1.17709e-312 -1.07375e+09 0 
45 100 40 860 13.35 10000 182 0 4.53634e-316 1.17709e-312 -1.07375e+09 0 
46 100 40 981 14.18 10000 71 0 4.53634e-316 1.17709e-312 -1.07375e+09 0 
47 100 40 774 12.65 10000 481 0 4.53634e-316 1.17709e-312 -1.07375e+09 0 
48 100 40 855 13.25 10000 9375 0 4.53634e-316 1.17709e-312 -1.07375e+09 0 
49 100 40 816 12.92 10000 1288 0 4.53634e-316 1.17709e-312 -1.07375e+09 0 
50 100 40 1040 13.55 10000 8 0 4.53634e-316 1.17709e-312 -1.07375e+09 0 

Sun Oct 23 19:29:11 2005
 inst  m   W   SVC: UB  tm it:all best Tm:1dh 1dv cg  LBh  LBv

Sun Oct 23 19:29:46 2005
 inst  m   W   SVC: UB  tm it:all best Tm:1dh 1dv cg  LBh  LBv

Sun Oct 23 19:32:43 2005
 inst  m   W   SVC: UB  tm it:all best Tm:1dh 1dv cg  LBh  LBv

Sun Oct 23 19:34:12 2005
 inst  m   W   SVC: UB  tm it:all best Tm:1dh 1dv cg  LBh  LBv

Sun Oct 23 19:36:37 2005
 inst  m   W   SVC: UB  tm it:all best Tm:1dh 1dv cg  LBh  LBv

Sun Oct 23 19:38:43 2005
 inst  m   W   SVC: UB  tm it:all best Tm:1dh 1dv cg  LBh  LBv

Sun Oct 23 19:47:18 2005
 inst  m   W   SVC: UB  tm it:all best Tm:1dh 1dv cg  LBh  LBv

Mon Oct 24 10:30:27 2005
 inst  m   W   SVC: UB  tm it:all best Tm:1dh 1dv cg  LBh  LBv
1 20 40 188 1.35 10000 29 
2 20 40 114 1.12 10000 1502 
3 20 40 195 1.22 10000 6 
4 20 40 141 1.12 10000 17 
5 20 40 151 1.16 10000 27 
6 20 40 207 1.17 10000 9065 
7 20 40 147 1.12 10000 7504 
8 20 40 139 1.24 10000 87 
9 20 40 186 1.26 10000 6 
10 20 40 210 1.25 10000 6 
11 40 40 236 3.14 10000 1515 
12 40 40 307 3.29 10000 1571 
13 40 40 387 3.38 10000 1506 
14 40 40 352 3.27 10000 12 
15 40 40 405 3.28 10000 3384 
16 40 40 347 3.26 10000 2 
17 40 40 308 2.99 10000 28 
18 40 40 465 3.47 10000 3 
19 40 40 284 3.1 10000 559 
20 40 40 283 3.15 10000 2754 
21 60 40 590 6.23 10000 8 
22 60 40 470 6.23 10000 3675 
23 60 40 511 6.36 10000 3834 
24 60 40 527 6 10000 7524 
25 60 40 452 5.83 10000 551 
26 60 40 465 5.98 10000 2525 
27 60 40 415 5.86 10000 3466 
28 60 40 532 6.06 10000 1345 
29 60 40 486 6.08 10000 4552 
30 60 40 648 6.53 10000 37 
31 80 40 668 9.37 10000 1533 
32 80 40 696 10.12 10000 3502 
33 80 40 659 9.34 10000 2170 
34 80 40 701 9.93 10000 86 
35 80 40 639 9.87 10000 1946 
36 80 40 735 9.78 10000 31 
37 80 40 761 10.01 10000 2475 
38 80 40 797 10.39 10000 9 
39 80 40 788 10.09 10000 657 
40 80 40 667 9.63 10000 8000 
41 100 40 740 13.53 10000 6444 
42 100 40 862 13.74 10000 3190 
43 100 40 724 13.1 10000 4075 
44 100 40 777 13.94 10000 1428 
45 100 40 860 14.04 10000 286 
46 100 40 981 14.46 10000 58 
47 100 40 774 13 10000 5165 
48 100 40 854 13.58 10000 7413 
49 100 40 815 13.16 10000 3578 
50 100 40 1040 14.09 10000 9 

Mon Oct 24 12:24:15 2005
 inst  m   W   SVC: UB  tm it:all best Tm:1dh 1dv cg  LBh  LBv
1 20 40 187 1.37 10000 3012 
2 20 40 114 1.08 10000 54 
3 20 40 195 1.3 10000 6 
4 20 40 140 1.13 10000 1502 
5 20 40 150 1.19 10000 3009 
6 20 40 205 1.19 10000 16 
7 20 40 148 1.07 10000 4 
8 20 40 139 1.26 10000 398 
9 20 40 185 1.24 10000 4510 
10 20 40 210 1.22 10000 6 
11 40 40 235 3.09 10000 7701 
12 40 40 307 3.15 10000 3040 
13 40 40 387 3.31 10000 9 
14 40 40 352 3.24 10000 4975 
15 40 40 405 3.37 10000 5143 
16 40 40 347 3.22 10000 2 
17 40 40 308 3.02 10000 56 
18 40 40 465 3.35 10000 3 
19 40 40 284 3.05 10000 278 
20 40 40 282 3.17 10000 7587 
21 60 40 590 6.16 10000 13 
22 60 40 471 6.26 10000 2076 
23 60 40 511 6.32 10000 3689 
24 60 40 527 5.9 10000 4679 
25 60 40 451 6.09 10000 951 
26 60 40 462 6.03 10000 4533 
27 60 40 417 5.87 10000 571 
28 60 40 529 6.01 10000 3780 
29 60 40 486 6.1 10000 3068 
30 60 40 648 6.52 10000 33 
31 80 40 667 9.32 10000 4507 
32 80 40 697 10.16 10000 163 
33 80 40 659 9.31 10000 58 
34 80 40 701 9.84 10000 41 
35 80 40 638 9.86 10000 7581 
36 80 40 735 9.68 10000 125 
37 80 40 760 10.18 10000 874 
38 80 40 797 10.51 10000 34 
39 80 40 788 10.13 10000 96 
40 80 40 669 9.54 10000 2939 
41 100 40 739 13.38 10000 8254 
42 100 40 860 13.77 10000 94 
43 100 40 724 13.32 10000 2949 
44 100 40 776 14.06 10000 1053 
45 100 40 860 14 10000 198 
46 100 40 981 14.35 10000 135 
47 100 40 774 13.06 10000 4311 
48 100 40 854 13.77 10000 9353 
49 100 40 815 13.12 10000 9948 
50 100 40 1040 14.25 10000 8 

Mon Oct 24 14:30:35 2005
 inst  m   W   SVC: UB  tm it:all best Tm:1dh 1dv cg  LBh  LBv
1 20 40 187 1.33 10000 30 
2 20 40 114 1.06 10000 72 
3 20 40 195 1.25 10000 14 
4 20 40 141 1.16 10000 3 
5 20 40 151 1.12 10000 1941 
6 20 40 210 1.23 10000 36 
7 20 40 147 1.12 10000 5006 
8 20 40 139 1.24 10000 7 
9 20 40 186 1.3 10000 23 
10 20 40 210 1.25 10000 6 
11 40 40 237 3.1 10000 96 
12 40 40 307 3.13 10000 1043 
13 40 40 384 3.34 10000 155 
14 40 40 353 3.33 10000 20 
15 40 40 404 3.43 10000 12 
16 40 40 347 3.21 10000 2 
17 40 40 308 2.95 10000 25 
18 40 40 468 3.45 10000 10 
19 40 40 283 3.1 10000 5067 
20 40 40 278 3.21 10000 5109 
21 60 40 590 6.25 10000 32 
22 60 40 471 6.23 10000 1326 
23 60 40 510 6.76 10000 760 
24 60 40 528 5.92 10000 238 
25 60 40 451 5.86 10000 241 
26 60 40 463 6.04 10000 141 
27 60 40 417 5.83 10000 5989 
28 60 40 530 6.03 10000 5378 
29 60 40 485 6.11 10000 124 
30 60 40 648 6.77 10000 37 
31 80 40 669 9.53 10000 1425 
32 80 40 698 10.03 10000 490 
33 80 40 659 9.33 10000 5173 
34 80 40 701 9.88 10000 5017 
35 80 40 636 9.82 10000 2378 
36 80 40 735 9.86 10000 16 
37 80 40 760 9.99 10000 6222 
38 80 40 797 10.19 10000 40 
39 80 40 788 10.25 10000 41 
40 80 40 667 9.71 10000 4357 
41 100 40 738 13.49 10000 3333 
42 100 40 860 13.5 10000 9223 
43 100 40 722 13.42 10000 2272 
44 100 40 775 13.96 10000 8002 
45 100 40 860 14.4 10000 44 
46 100 40 981 14.62 10000 51 
47 100 40 774 13.04 10000 4711 
48 100 40 852 13.85 10000 497 
49 100 40 816 13.04 10000 5055 
50 100 40 1040 14.02 10000 6 

Thu Oct 27 22:45:54 2005
inst  m   W   SVC: UB  it_best/all tm_best/all gap%  TmRow: 5 30 300 3600 inf
1 20 40 187 169 593645 0.02 120 8.7 187 187 187 187 187 187 
2 20 40 114 24 707167 0.01 120 8.5 114 114 114 114 114 114 
3 20 40 195 21298 594199 4.2 120 10 195 195 195 195 195 195 
4 20 40 141 491 656794 0.08 120 13 141 141 141 141 141 141 
5 20 40 147 420023 657957 76.5 120 6.5 149 149 147 147 147 147 
6 20 40 203 409 588522 0.11 120 6.2 203 203 203 203 203 203 
7 20 40 147 37 657816 0 120 7.2 147 147 147 147 147 147 
8 20 40 139 4889 626969 0.92 120 7.7 139 139 139 139 139 139 
9 20 40 185 20007 569960 4.29 120 9.4 185 185 185 185 185 185 
10 20 40 206 16 610445 0 120 11 206 206 206 206 206 206 
11 40 40 236 14664 243641 7.28 120 4.8 237 236 236 236 236 236 
12 40 40 304 17940 233001 9.41 120 6.6 305 304 304 304 304 304 
13 40 40 382 221081 224955 118 120 4.9 384 384 382 382 382 382 
14 40 40 352 40 231967 0.02 120 6.6 352 352 352 352 352 352 
15 40 40 406 732 221754 0.36 120 7.4 406 406 406 406 406 406 
16 40 40 347 7 235659 0 120 24 347 347 347 347 347 347 
17 40 40 308 17 248739 0 120 5.8 308 308 308 308 308 308 
18 40 40 465 20096 221627 11.1 120 17 468 465 465 465 465 465 
19 40 40 283 31882 240466 16.5 120 5.5 285 283 283 283 283 283 
20 40 40 278 30167 225425 15.8 120 2.9 282 278 278 278 278 278 
21 60 40 590 21 127402 0 120 9.2 590 590 590 590 590 590 
22 60 40 470 750 124388 0.7 120 3 470 470 470 470 470 470 
23 60 40 511 110769 117926 113 120 3.8 517 512 511 511 511 511 
24 60 40 528 10211 131000 9.29 120 7.3 530 528 528 528 528 528 
25 60 40 449 13000 124136 12.8 120 2.9 451 449 449 449 449 449 
26 60 40 467 28259 127660 26.6 120 5.4 468 467 467 467 467 467 
27 60 40 416 61578 131802 56.5 120 4.2 421 417 416 416 416 416 
28 60 40 527 1734 124657 1.66 120 2.9 527 527 527 527 527 527 
29 60 40 484 2671 126077 2.66 120 4.5 484 484 484 484 484 484 
30 60 40 648 29 113209 0.03 120 11 648 648 648 648 648 648 
31 80 40 667 2891 81376 4.35 120 9.8 667 667 667 667 667 667 
32 80 40 697 75966 78434 116 120 9.4 701 701 697 697 697 697 
33 80 40 661 60333 84224 85.9 120 6.4 670 665 661 661 661 661 
34 80 40 701 42 80194 0.04 120 7.1 701 701 701 701 701 701 
35 80 40 636 68711 79336 104 120 1.9 637 637 636 636 636 636 
36 80 40 735 63 75899 0.11 120 6.9 735 735 735 735 735 735 
37 80 40 764 36 78458 0.03 120 5.2 764 764 764 764 764 764 
38 80 40 797 416 76544 0.63 120 10 797 797 797 797 797 797 
39 80 40 788 273 78929 0.48 120 5.9 788 788 788 788 788 788 
40 80 40 662 60669 77283 94 120 2 667 666 662 662 662 662 
41 100 40 738 26935 57784 55.6 120 2.6 739 739 738 738 738 738 
42 100 40 858 2847 56481 6.06 120 3.2 861 858 858 858 858 858 
43 100 40 723 21298 57119 44.9 120 2.4 725 725 723 723 723 723 
44 100 40 778 9584 55805 20.7 120 1.8 780 778 778 778 778 778 
45 100 40 860 99 55114 0.2 120 6.3 860 860 860 860 860 860 
46 100 40 981 47 54549 0.1 120 6.6 981 981 981 981 981 981 
47 100 40 775 30198 59786 60.7 120 5.1 778 777 775 775 775 775 
48 100 40 849 26487 54150 58.5 120 1.5 853 852 849 849 849 849 
49 100 40 813 23269 57908 47.9 120 3.1 815 815 813 813 813 813 
50 100 40 1040 9 54863 0.02 120 12 1040 1040 1040 1040 1040 1040 

Wed Nov  2 01:34:58 2005
inst  m   W   SVC: UB  it_best/all tm_best/all gap%  TmRow: 5 30 300 3600 36000 inf
1 20 40 186 21875 2657646 2.42 301 8.1 186 186 186 186 186 186 
2 20 40 114 3 2932376 0 300 8.5 114 114 114 114 114 114 
3 20 40 194 700001 2584269 81.1 300 9.6 195 195 194 194 194 194 
4 20 40 135 1215 2793829 0.12 300 8 135 135 135 135 135 135 
5 20 40 147 170 2764968 0.02 300 6.5 147 147 147 147 147 147 
6 20 40 201 340047 2664211 38 300 5.2 203 203 201 201 201 201 
7 20 40 143 74 2811352 0 300 4.3 143 143 143 143 143 143 
8 20 40 139 20 2599136 0 300 7.7 139 139 139 139 139 139 
9 20 40 179 790002 2690787 87.6 300 5.9 180 180 179 179 179 179 
10 20 40 206 5 2688031 0 300 11 206 206 206 206 206 206 
11 40 40 233 10841 1133375 2.82 300 3.5 233 233 233 233 233 233 
12 40 40 299 30198 1105828 8.15 300 4.9 303 299 299 299 299 299 
13 40 40 380 90016 1087563 25 300 4.3 381 380 380 380 380 380 
14 40 40 352 14 1088395 0 300 6.6 352 352 352 352 352 352 
15 40 40 403 40012 1054680 11.4 300 6.6 404 403 403 403 403 403 
16 40 40 347 2 1080850 0 300 24 347 347 347 347 347 347 
17 40 40 308 1 1154405 0 300 5.8 308 308 308 308 308 308 
18 40 40 464 10039 1062725 2.83 300 16 464 464 464 464 464 464 
19 40 40 277 831318 1101837 227 300 3.3 278 278 277 277 277 277 
20 40 40 277 882 1038664 0.27 300 2.5 277 277 277 277 277 277 
21 60 40 590 16 607847 0.01 300 9.2 590 590 590 590 590 590 
22 60 40 469 51657 629691 24.9 300 2.8 471 469 469 469 469 469 
23 60 40 508 160884 600927 80.2 300 3.2 510 510 508 508 508 508 
24 60 40 525 60405 632975 29.5 300 6.7 527 525 525 525 525 525 
25 60 40 446 44988 583598 23.2 300 2.2 448 446 446 446 446 446 
26 60 40 461 30115 619933 14.4 300 4 464 461 461 461 461 461 
27 60 40 415 7366 636460 3.6 300 4 415 415 415 415 415 415 
28 60 40 526 17592 599279 8.79 300 2.7 527 526 526 526 526 526 
29 60 40 480 250249 635187 118 300 3.6 483 482 480 480 480 480 
30 60 40 648 16 548558 0 300 11 648 648 648 648 648 648 
31 80 40 667 29 400083 0.02 300 9.8 667 667 667 667 667 667 
32 80 40 695 381087 392728 291 300 9.1 697 697 695 695 695 695 
33 80 40 658 104299 425448 73.8 300 5.9 660 659 658 658 658 658 
34 80 40 701 24 398175 0.01 300 7.1 701 701 701 701 701 701 
35 80 40 635 399729 408424 294 300 1.7 637 636 635 635 635 635 
36 80 40 735 25 405506 0.02 300 6.9 735 735 735 735 735 735 
37 80 40 760 12149 400588 9.25 300 4.6 764 760 760 760 760 760 
38 80 40 797 5 392338 0 300 10 797 797 797 797 797 797 
39 80 40 788 72 404996 0.05 300 5.9 788 788 788 788 788 788 
40 80 40 661 212630 399937 160 300 1.8 662 662 661 661 661 661 
41 100 40 733 126097 293471 129 300 1.9 738 735 733 733 733 733 
42 100 40 854 18160 289659 18.8 300 2.7 858 854 854 854 854 854 
43 100 40 720 154519 286858 162 300 1.9 721 721 720 720 720 720 
44 100 40 774 260492 289989 270 300 1.3 778 777 774 774 774 774 
45 100 40 860 36 272294 0.03 300 6.3 860 860 860 860 860 860 
46 100 40 981 20 278752 0.02 300 6.6 981 981 981 981 981 981 
47 100 40 774 10050 300553 10 300 5 775 774 774 774 774 774 
48 100 40 849 118391 288982 123 300 1.5 854 850 849 849 849 849 
49 100 40 812 2024 291413 2.06 300 3 812 812 812 812 812 812 
50 100 40 1040 5 258839 0 300 12 1040 1040 1040 1040 1040 1040 

Thu Nov  3 00:09:53 2005
inst  m   W   SVC: UB  it_best/all tm_best/all gap%  TmRow: 5 30 300 3600 36000 inf
1 20 40 186 210038 2605736 24.6 300 8.1 187 186 186 186 186 186 
2 20 40 114 5 2807397 0 300 8.5 114 114 114 114 114 114 
3 20 40 194 1220002 2491925 149 300 9.6 195 195 194 194 194 194 
4 20 40 135 50 2710907 0 300 8 135 135 135 135 135 135 
5 20 40 146 390003 2690758 42.9 300 5.7 147 147 146 146 146 146 
6 20 40 201 40077 2616732 4.61 300 5.2 201 201 201 201 201 201 
7 20 40 143 99 2751975 0.01 300 4.3 143 143 143 143 143 143 
8 20 40 139 9 2512334 0 300 7.7 139 139 139 139 139 139 
9 20 40 179 830006 2563831 97.3 300 5.9 180 180 179 179 179 179 
10 20 40 206 5 2596633 0 300 11 206 206 206 206 206 206 
11 40 40 233 30254 1102587 8.21 300 3.5 234 233 233 233 233 233 
12 40 40 299 100179 1073391 28 300 4.9 301 299 299 299 299 299 
13 40 40 380 291 1062172 0.08 300 4.3 380 380 380 380 380 380 
14 40 40 352 12 1066885 0 300 6.6 352 352 352 352 352 352 
15 40 40 404 30 1020760 0.01 300 6.8 404 404 404 404 404 404 
16 40 40 347 3 1048461 0 300 24 347 347 347 347 347 347 
17 40 40 308 5 1125063 0 300 5.8 308 308 308 308 308 308 
18 40 40 464 1020006 1058696 289 300 16 465 465 464 464 464 464 
19 40 40 278 90266 1085149 24.8 300 3.7 279 278 278 278 278 278 
20 40 40 276 72041 1024844 20.9 300 2.2 277 276 276 276 276 276 
21 60 40 590 9 608474 0 300 9.2 590 590 590 590 590 590 
22 60 40 469 37360 619192 18.5 300 2.8 470 469 469 469 469 469 
23 60 40 508 251968 593377 127 300 3.2 513 509 508 508 508 508 
24 60 40 525 60278 626882 29 300 6.7 528 525 525 525 525 525 
25 60 40 446 37230 579441 20 300 2.2 447 446 446 446 446 446 
26 60 40 461 80346 610285 40.5 300 4 464 464 461 461 461 461 
27 60 40 415 18299 623369 9 300 4 416 415 415 415 415 415 
28 60 40 526 20068 591209 10.6 300 2.7 527 526 526 526 526 526 
29 60 40 481 20214 622498 10.1 300 3.8 483 481 481 481 481 481 
30 60 40 648 15 547501 0.01 300 11 648 648 648 648 648 648 
31 80 40 667 55 401765 0.04 300 9.8 667 667 667 667 667 667 
32 80 40 695 35989 389331 27.9 300 9.1 697 695 695 695 695 695 
33 80 40 658 50074 425232 35.5 300 5.9 660 659 658 658 658 658 
34 80 40 701 157 400729 0.12 300 7.1 701 701 701 701 701 701 
35 80 40 636 96733 408637 73.1 300 1.9 638 637 636 636 636 636 
36 80 40 735 5 401920 0 300 6.9 735 735 735 735 735 735 
37 80 40 760 5937 401824 4.53 300 4.6 760 760 760 760 760 760 
38 80 40 797 8 391093 0 300 10 797 797 797 797 797 797 
39 80 40 788 9 403696 0 300 5.9 788 788 788 788 788 788 
40 80 40 660 170800 393865 131 300 1.6 664 663 660 660 660 660 
41 100 40 733 271117 297728 273 300 1.9 737 735 733 733 733 733 
42 100 40 855 2804 295437 2.88 300 2.8 855 855 855 855 855 855 
43 100 40 720 55260 289302 57.9 300 1.9 723 722 720 720 720 720 
44 100 40 774 8905 292297 9.27 300 1.3 776 774 774 774 774 774 
45 100 40 860 35 273874 0.03 300 6.3 860 860 860 860 860 860 
46 100 40 981 35 279283 0.04 300 6.6 981 981 981 981 981 981 
47 100 40 774 31 299663 0.03 300 5 774 774 774 774 774 774 
48 100 40 850 116065 290844 121 300 1.6 854 853 850 850 850 850 
49 100 40 811 265412 293919 271 300 2.9 813 812 811 811 811 811 
50 100 40 1040 5 258564 0.01 300 12 1040 1040 1040 1040 1040 1040 

Thu Nov  3 20:52:18 2005
inst  m   W   SVC: UB  it_best/all tm_best/all gap%  TmRow: 5 30 300 3600 36000 inf
1 20 40 186 760049 1376183 165 302 8.1 187 187 186 186 186 186 
2 20 40 114 3 1577175 0 300 8.5 114 114 114 114 114 114 
3 20 40 195 208 1350772 0.05 301 10 195 195 195 195 195 195 
4 20 40 132 1370003 1474787 280 301 5.6 135 135 132 132 132 132 
5 20 40 146 140003 1515056 28.3 302 5.7 147 146 146 146 146 146 
6 20 40 201 130028 1392797 27.5 301 5.2 204 201 201 201 201 201 
7 20 40 143 68 1463300 0.01 300 4.3 143 143 143 143 143 143 
8 20 40 139 13 1365261 0 301 7.7 139 139 139 139 139 139 
9 20 40 178 460007 1371228 102 301 5.3 180 180 178 178 178 178 
10 20 40 206 5 1468207 0 300 11 206 206 206 206 206 206 
11 40 40 233 31180 626682 15 301 3.5 234 233 233 233 233 233 
12 40 40 299 60219 618776 29.2 300 4.9 303 299 299 299 299 299 
13 40 40 380 50039 593318 25.1 301 4.3 381 380 380 380 380 380 
14 40 40 352 13 591405 0.01 300 6.6 352 352 352 352 352 352 
15 40 40 404 2104 579500 1.09 301 6.8 404 404 404 404 404 404 
16 40 40 347 2 607594 0 302 24 347 347 347 347 347 347 
17 40 40 308 5 646387 0 301 5.8 308 308 308 308 308 308 
18 40 40 464 350002 588763 180 301 16 465 465 464 464 464 464 
19 40 40 278 100722 616683 48.5 300 3.7 279 279 278 278 278 278 
20 40 40 276 170067 599767 85.2 300 2.2 277 277 276 276 276 276 
21 60 40 590 12 362152 0.01 301 9.2 590 590 590 590 590 590 
22 60 40 469 9679 361227 8.02 301 2.8 472 469 469 469 469 469 
23 60 40 508 270500 341508 238 300 3.2 511 511 508 508 508 508 
24 60 40 525 101185 362626 84 301 6.7 528 527 525 525 525 525 
25 60 40 445 201933 339281 178 300 2 447 447 445 445 445 445 
26 60 40 461 103360 359473 87.4 301 4 464 464 461 461 461 461 
27 60 40 415 560 361566 0.46 300 4 415 415 415 415 415 415 
28 60 40 526 11110 351317 9.59 301 2.7 529 526 526 526 526 526 
29 60 40 480 124142 360914 103 301 3.6 481 481 480 480 480 480 
30 60 40 648 21 326211 0.02 301 11 648 648 648 648 648 648 
31 80 40 667 513 242263 0.63 301 9.8 667 667 667 667 667 667 
32 80 40 696 152348 235456 195 302 9.2 697 697 696 696 696 696 
33 80 40 658 30385 249768 36.8 301 5.9 660 660 658 658 658 658 
34 80 40 701 14 239030 0.03 301 7.1 701 701 701 701 701 701 
35 80 40 635 127882 242677 158 301 1.7 638 637 635 635 635 635 
36 80 40 735 5 252925 0 301 6.9 735 735 735 735 735 735 
37 80 40 760 2496 246426 3.01 300 4.6 760 760 760 760 760 760 
38 80 40 797 10 245458 0.01 300 10 797 797 797 797 797 797 
39 80 40 788 25 252264 0.03 300 5.9 788 788 788 788 788 788 
40 80 40 661 30673 243513 37.9 301 1.8 663 662 661 661 661 661 
41 100 40 733 111532 185076 181 301 1.9 738 736 733 733 733 733 
42 100 40 854 93130 183012 154 301 2.7 856 855 854 854 854 854 
43 100 40 720 68369 184804 111 300 1.9 724 721 720 720 720 720 
44 100 40 775 116276 183383 191 301 1.4 777 777 775 775 775 775 
45 100 40 860 27 175528 0.04 300 6.3 860 860 860 860 860 860 
46 100 40 981 66 180083 0.11 302 6.6 981 981 981 981 981 981 
47 100 40 774 308 190788 0.49 300 5 774 774 774 774 774 774 
48 100 40 850 76748 183868 126 301 1.6 852 851 850 850 850 850 
49 100 40 811 152225 184200 249 301 2.9 813 813 811 811 811 811 
50 100 40 1040 12 170117 0.02 300 12 1040 1040 1040 1040 1040 1040 

Fri Nov  4 19:24:13 2005
inst  m   W   SVC: UB  it_best/all tm_best/all gap%  TmRow: 5 30 300 3600 36000 inf
1 20 40 186 210038 2290162 45.8 501 8.1 187 187 186 186 186 186 
2 20 40 114 5 2671933 0 502 8.5 114 114 114 114 114 114 
3 20 40 194 1220002 2310283 265 501 9.6 195 195 194 194 194 194 
4 20 40 135 50 2496883 0.01 500 8 135 135 135 135 135 135 
5 20 40 146 390003 2529963 77.9 501 5.7 147 147 146 146 146 146 
6 20 40 201 40077 2318130 8.64 501 5.2 203 201 201 201 201 201 
7 20 40 143 99 2494704 0.02 500 4.3 143 143 143 143 143 143 
8 20 40 139 9 2319017 0 502 7.7 139 139 139 139 139 139 
9 20 40 179 830006 2229446 185 502 5.9 180 180 179 179 179 179 
10 20 40 206 5 2389185 0 501 11 206 206 206 206 206 206 
11 40 40 233 30254 1018174 14.8 501 3.5 234 233 233 233 233 233 
12 40 40 299 100179 1010392 49.8 500 4.9 301 301 299 299 299 299 
13 40 40 380 291 977993 0.15 501 4.3 380 380 380 380 380 380 
14 40 40 352 12 986057 0 501 6.6 352 352 352 352 352 352 
15 40 40 404 30 963378 0.02 501 6.8 404 404 404 404 404 404 
16 40 40 347 3 1006546 0 500 24 347 347 347 347 347 347 
17 40 40 308 5 1079058 0.01 501 5.8 308 308 308 308 308 308 
18 40 40 465 7 978358 0 501 17 465 465 465 465 465 465 
19 40 40 278 90266 1023769 44.2 500 3.7 279 279 278 278 278 278 
20 40 40 276 72041 1000565 35.9 500 2.2 277 277 276 276 276 276 
21 60 40 590 9 599949 0.01 501 9.2 590 590 590 590 590 590 
22 60 40 469 37360 600752 31.1 501 2.8 470 470 469 469 469 469 
23 60 40 508 251968 569072 221 500 3.2 513 511 508 508 508 508 
24 60 40 525 60278 606242 49.6 500 6.7 528 526 525 525 525 525 
25 60 40 446 37230 580307 32 501 2.2 448 447 446 446 446 446 
26 60 40 461 80346 606478 66.2 501 4 464 464 461 461 461 461 
27 60 40 415 18299 610427 15.1 501 4 416 415 415 415 415 415 
28 60 40 526 20068 590412 17.1 500 2.7 530 526 526 526 526 526 
29 60 40 481 20214 608661 16.7 501 3.8 483 481 481 481 481 481 
30 60 40 648 15 548520 0.02 500 11 648 648 648 648 648 648 
31 80 40 667 55 406247 0.06 501 9.8 667 667 667 667 667 667 
32 80 40 695 35989 393440 46 501 9.1 697 697 695 695 695 695 
33 80 40 658 50074 422150 60 501 5.9 660 660 658 658 658 658 
34 80 40 701 157 405551 0.19 501 7.1 701 701 701 701 701 701 
35 80 40 636 96733 411062 118 501 1.9 638 637 636 636 636 636 
36 80 40 735 5 418613 0 500 6.9 735 735 735 735 735 735 
37 80 40 760 5937 403744 7.41 500 4.6 761 760 760 760 760 760 
38 80 40 797 8 404927 0.01 501 10 797 797 797 797 797 797 
39 80 40 788 9 412575 0.01 500 5.9 788 788 788 788 788 788 
40 80 40 660 170800 402655 213 500 1.6 666 663 660 660 660 660 
41 100 40 733 271117 306353 443 501 1.9 739 735 734 733 733 733 
42 100 40 855 2804 303619 4.6 501 2.8 855 855 855 855 855 855 
43 100 40 720 55260 305442 90.8 501 1.9 723 722 720 720 720 720 
44 100 40 774 8905 305075 14.6 502 1.3 777 774 774 774 774 774 
45 100 40 860 35 292779 0.05 501 6.3 860 860 860 860 860 860 
46 100 40 981 35 298907 0.06 501 6.6 981 981 981 981 981 981 
47 100 40 774 31 312574 0.04 501 5 774 774 774 774 774 774 
48 100 40 850 116065 304754 191 501 1.6 854 854 850 850 850 850 
49 100 40 811 265412 307237 433 502 2.9 814 812 812 811 811 811 
50 100 40 1040 5 281626 0.01 500 12 1040 1040 1040 1040 1040 1040 

Tue Nov  8 21:29:33 2005
inst  m   W   SVC: UB  it_best/all tm_best/all gap%  TmRow: 5 30 300 3600 36000 inf
1 20 40 186 1210041 1365738 265 300 8.1 187 187 186 186 186 186 
2 20 40 114 3 1586438 0 300 8.5 114 114 114 114 114 114 
3 20 40 194 930005 1386172 202 301 9.6 195 195 194 194 194 194 
4 20 40 135 824 1506229 0.17 301 8 135 135 135 135 135 135 
5 20 40 145 120003 1536871 23.6 301 5 147 145 145 145 145 145 
6 20 40 201 330037 1399804 70.7 302 5.2 203 203 201 201 201 201 
7 20 40 143 67 1502454 0.01 301 4.3 143 143 143 143 143 143 
8 20 40 139 19 1376060 0.01 300 7.7 139 139 139 139 139 139 
9 20 40 178 330040 1336930 72.8 300 5.3 180 180 178 178 178 178 
10 20 40 206 5 1451877 0 301 11 206 206 206 206 206 206 
11 40 40 233 60219 619027 29 301 3.5 234 233 233 233 233 233 
12 40 40 299 230165 609573 114 301 4.9 303 301 299 299 299 299 
13 40 40 380 103156 590561 53.4 300 4.3 381 381 380 380 380 380 
14 40 40 352 11 586308 0.01 302 6.6 352 352 352 352 352 352 
15 40 40 403 120154 568286 63.8 300 6.6 404 404 403 403 403 403 
16 40 40 347 2 596463 0 301 24 347 347 347 347 347 347 
17 40 40 308 5 643615 0 302 5.8 308 308 308 308 308 308 
18 40 40 464 3791 580013 2.02 300 16 464 464 464 464 464 464 
19 40 40 278 11883 608987 5.96 301 3.7 280 278 278 278 278 278 
20 40 40 276 190106 594884 95.7 301 2.2 277 277 276 276 276 276 
21 60 40 590 7 355679 0 301 9.2 590 590 590 590 590 590 
22 60 40 468 100426 358627 84.4 301 2.6 469 469 468 468 468 468 
23 60 40 508 250550 334886 225 300 3.2 511 510 508 508 508 508 
24 60 40 525 10326 356631 8.78 300 6.7 528 525 525 525 525 525 
25 60 40 444 27698 344101 24.2 300 1.8 446 444 444 444 444 444 
26 60 40 462 226871 358842 191 302 4.2 464 464 462 462 462 462 
27 60 40 415 20292 362055 17 300 4 416 415 415 415 415 415 
28 60 40 526 792 351275 0.66 302 2.7 526 526 526 526 526 526 
29 60 40 481 50158 361383 41.6 300 3.8 483 483 481 481 481 481 
30 60 40 648 25 325339 0.02 301 11 648 648 648 648 648 648 
31 80 40 667 52 242016 0.07 302 9.8 667 667 667 667 667 667 
32 80 40 695 80851 236222 103 301 9.1 697 697 695 695 695 695 
33 80 40 658 20346 248067 25 300 5.9 661 658 658 658 658 658 
34 80 40 701 39 241327 0.04 301 7.1 701 701 701 701 701 701 
35 80 40 635 25850 244959 32.3 301 1.7 636 636 635 635 635 635 
36 80 40 735 20 245200 0.03 301 6.9 735 735 735 735 735 735 
37 80 40 760 76250 240528 96.7 301 4.6 763 761 760 760 760 760 
38 80 40 797 15 240468 0.03 301 10 797 797 797 797 797 797 
39 80 40 788 12 248528 0.01 301 5.9 788 788 788 788 788 788 
40 80 40 662 39014 236747 49.3 300 2 663 663 662 662 662 662 
41 100 40 734 12724 182067 21.4 301 2 738 734 734 734 734 734 
42 100 40 855 1420 178843 2.37 301 2.8 855 855 855 855 855 855 
43 100 40 720 83521 180001 141 301 1.9 723 721 720 720 720 720 
44 100 40 774 177096 183420 291 301 1.3 777 777 774 774 774 774 
45 100 40 860 30 175561 0.06 301 6.3 860 860 860 860 860 860 
46 100 40 981 6056 177884 10.3 300 6.6 982 981 981 981 981 981 
47 100 40 774 10187 185236 16 301 5 779 774 774 774 774 774 
48 100 40 847 82666 180861 138 300 1.3 851 851 847 847 847 847 
49 100 40 811 170811 180650 285 302 2.9 813 813 811 811 811 811 
50 100 40 1040 11 166885 0.02 301 12 1040 1040 1040 1040 1040 1040 

Wed Nov  9 15:04:11 2005
inst  m   W   SVC: UB  it_best/all tm_best/all gap%  TmRow: 5 30 300 3600 36000 inf
1 20 40 186 64 1358503 0.02 301 8.1 186 186 186 186 186 186 
2 20 40 114 3 1597496 0 301 8.5 114 114 114 114 114 114 
3 20 40 195 4 1371950 0 301 10 195 195 195 195 195 195 
4 20 40 135 734 1488538 0.15 300 8 135 135 135 135 135 135 
5 20 40 147 18 1535992 0 301 6.5 147 147 147 147 147 147 
6 20 40 201 20034 1417945 4.3 301 5.2 201 201 201 201 201 201 
7 20 40 143 186 1494748 0.04 300 4.3 143 143 143 143 143 143 
8 20 40 139 8 1378318 0.01 302 7.7 139 139 139 139 139 139 
9 20 40 179 510004 1378543 111 300 5.9 180 180 179 179 179 179 
10 20 40 206 5 1464552 0 300 11 206 206 206 206 206 206 
11 40 40 233 192 624118 0.09 300 3.5 233 233 233 233 233 233 
12 40 40 299 40209 613881 20.2 300 4.9 301 299 299 299 299 299 
13 40 40 380 312707 591785 159 301 4.3 382 381 380 380 380 380 
14 40 40 352 9 591025 0 302 6.6 352 352 352 352 352 352 
15 40 40 403 280008 575014 148 301 6.6 404 404 403 403 403 403 
16 40 40 347 2 607171 0.01 300 24 347 347 347 347 347 347 
17 40 40 308 11 653028 0.01 302 5.8 308 308 308 308 308 308 
18 40 40 464 2875 586662 1.47 301 16 464 464 464 464 464 464 
19 40 40 278 13494 609164 6.65 300 3.7 280 278 278 278 278 278 
20 40 40 276 300038 599745 152 302 2.2 277 277 276 276 276 276 
21 60 40 590 9156 357288 7.75 302 9.2 591 590 590 590 590 590 
22 60 40 469 23310 357816 19.5 300 2.8 470 469 469 469 469 469 
23 60 40 508 81025 338520 72.1 302 3.2 511 511 508 508 508 508 
24 60 40 525 290075 359556 243 301 6.7 529 526 525 525 525 525 
25 60 40 446 22983 342292 20.5 300 2.2 447 446 446 446 446 446 
26 60 40 461 280860 364245 232 302 4 463 463 461 461 461 461 
27 60 40 415 326 361775 0.26 301 4 415 415 415 415 415 415 
28 60 40 526 794 354645 0.66 301 2.7 526 526 526 526 526 526 
29 60 40 480 274959 361265 229 300 3.6 482 481 480 480 480 480 
30 60 40 648 16 325255 0.01 301 11 648 648 648 648 648 648 
31 80 40 667 10 241731 0.01 300 9.8 667 667 667 667 667 667 
32 80 40 695 159301 232349 206 300 9.1 697 697 695 695 695 695 
33 80 40 658 403 251426 0.49 300 5.9 658 658 658 658 658 658 
34 80 40 701 14 241807 0.02 301 7.1 701 701 701 701 701 701 
35 80 40 634 40143 245086 49.9 301 1.6 637 636 634 634 634 634 
36 80 40 735 27 245782 0.04 301 6.9 735 735 735 735 735 735 
37 80 40 759 141894 241731 177 302 4.5 760 760 759 759 759 759 
38 80 40 797 11 240593 0.02 301 10 797 797 797 797 797 797 
39 80 40 788 25 248527 0.03 300 5.9 788 788 788 788 788 788 
40 80 40 660 195967 237857 248 301 1.6 664 663 660 660 660 660 
41 100 40 733 9401 181498 15.5 302 1.9 738 733 733 733 733 733 
42 100 40 854 120773 181109 200 301 2.7 855 855 854 854 854 854 
43 100 40 720 39333 181976 65 300 1.9 723 722 720 720 720 720 
44 100 40 776 3590 181448 6.03 300 1.5 780 776 776 776 776 776 
45 100 40 860 13 171778 0.02 301 6.3 860 860 860 860 860 860 
46 100 40 981 19 177120 0.03 301 6.6 981 981 981 981 981 981 
47 100 40 774 331 184821 0.54 302 5 774 774 774 774 774 774 
48 100 40 850 43489 177646 73.1 301 1.6 851 851 850 850 850 850 
49 100 40 811 32175 177192 54.4 300 2.9 813 812 811 811 811 811 
50 100 40 1040 6 165525 0.01 300 12 1040 1040 1040 1040 1040 1040 

Thu Nov 10 21:45:32 2005
inst  m   W   SVC: UB  it_best/all tm_best/all gap%  TmRow: 5 30 300 3600 36000 inf
1 20 40 186 760049 1411619 162 301 8.1 187 187 186 186 186 186 
2 20 40 114 3 1646812 0 302 8.5 114 114 114 114 114 114 
3 20 40 195 208 1424975 0.05 301 10 195 195 195 195 195 195 
4 20 40 132 1370003 1554174 265 301 5.6 135 135 132 132 132 132 
5 20 40 146 140003 1584557 26.8 301 5.7 147 146 146 146 146 146 
6 20 40 201 130028 1472668 26.6 301 5.2 204 201 201 201 201 201 
7 20 40 143 68 1547419 0.01 301 4.3 143 143 143 143 143 143 
8 20 40 139 13 1449336 0 301 7.7 139 139 139 139 139 139 
9 20 40 178 460007 1429422 96.8 301 5.3 180 180 178 178 178 178 
10 20 40 206 5 1509805 0 301 11 206 206 206 206 206 206 
11 40 40 233 31180 646348 14.3 300 3.5 234 233 233 233 233 233 
12 40 40 299 60219 635655 28.5 300 4.9 303 299 299 299 299 299 
13 40 40 380 50039 617602 24.4 301 4.3 381 380 380 380 380 380 
14 40 40 352 13 613814 0.01 300 6.6 352 352 352 352 352 352 
15 40 40 404 2104 597752 1.06 301 6.8 404 404 404 404 404 404 
16 40 40 347 2 623614 0 301 24 347 347 347 347 347 347 
17 40 40 308 5 668387 0 300 5.8 308 308 308 308 308 308 
18 40 40 464 350002 606598 173 301 16 465 465 464 464 464 464 
19 40 40 278 100722 633861 47.4 301 3.7 279 279 278 278 278 278 
20 40 40 276 170067 618341 82.8 301 2.2 277 277 276 276 276 276 
21 60 40 590 12 371738 0.02 301 9.2 590 590 590 590 590 590 
22 60 40 469 9679 373523 7.73 301 2.8 472 469 469 469 469 469 
23 60 40 508 270500 353922 230 301 3.2 511 511 508 508 508 508 
24 60 40 525 101185 377630 80.9 302 6.7 528 527 525 525 525 525 
25 60 40 445 201933 359426 169 301 2 447 447 445 445 445 445 
26 60 40 461 103360 374590 82.9 300 4 464 464 461 461 461 461 
27 60 40 415 560 380207 0.44 301 4 415 415 415 415 415 415 
28 60 40 526 11110 365616 9.17 300 2.7 529 526 526 526 526 526 
29 60 40 480 124142 377152 98.2 301 3.6 481 481 480 480 480 480 
30 60 40 648 21 339093 0.01 302 11 648 648 648 648 648 648 
31 80 40 667 513 251353 0.6 302 9.8 667 667 667 667 667 667 
32 80 40 696 152348 242743 189 300 9.2 697 697 696 696 696 696 
33 80 40 658 30385 261284 35.5 302 5.9 660 660 658 658 658 658 
34 80 40 701 14 247129 0.02 300 7.1 701 701 701 701 701 701 
35 80 40 635 127882 253516 152 301 1.7 638 637 635 635 635 635 
36 80 40 735 5 255813 0.01 301 6.9 735 735 735 735 735 735 
37 80 40 760 2496 247507 3.06 300 4.6 760 760 760 760 760 760 
38 80 40 797 10 247779 0.01 302 10 797 797 797 797 797 797 
39 80 40 788 25 255437 0.02 301 5.9 788 788 788 788 788 788 
40 80 40 661 30673 247029 37.6 301 1.8 663 662 661 661 661 661 
41 100 40 733 111532 187071 179 300 1.9 737 736 733 733 733 733 
42 100 40 854 93130 185302 152 301 2.7 856 855 854 854 854 854 
43 100 40 720 68369 186538 110 301 1.9 724 721 720 720 720 720 
44 100 40 775 116276 186860 187 301 1.4 777 777 775 775 775 775 
45 100 40 860 27 178231 0.04 301 6.3 860 860 860 860 860 860 
46 100 40 981 66 182428 0.12 301 6.6 981 981 981 981 981 981 
47 100 40 774 308 190204 0.47 301 5 774 774 774 774 774 774 
48 100 40 850 76748 185610 124 300 1.6 852 851 850 850 850 850 
49 100 40 811 152225 186097 245 300 2.9 813 813 811 811 811 811 
50 100 40 1040 12 172027 0.03 301 12 1040 1040 1040 1040 1040 1040 

Tue Aug 30 20:39:08 2011

[BL] fImproved 1 pInvertShove 0 0.03  [Solver] instFirst 1 instLast 1000000 statPeriod 10 fWriteSolution 0 [Sub_2DSPP] nScaleW 0 vsp -0.8 0.5  pTower 0 0  pChangeP_TIP 0.01 pInvertHole 0 0.05  pPermutateHole 0.8 1  pBubbleHole 0.6 0.9  [SVC_2DSPP] MaxTime 360 MaxIter 1e+100 NIterRandom 0 NIterSVC 1 ValReset 1000 19000  blockw_pow 2.1 0.1  p_bwpnew 0.1 BaseOrdering 2 1 1 1  p_choose 0.6 0.6  
inst  m   W   SVC: UB  it_best/all tm_best/all gap%  TmRow: 10 60 inf ave_best^
1 20 40 186 992250 2127793 169 361 8.1 187 187 186 186
2 20 40 114 4 2525754 0 361 8.5 114 114 114 150
3 20 40 195 3 2093285 0 362 10 195 195 195 165
4 20 40 135 5 2346094 0 361 8 135 135 135 157.5
5 20 40 145 2341323 2454305 344 360 5 147 147 145 155
6 20 40 201 34169 2224362 5.69 360 5.2 201 201 201 162.667
7 20 40 142 382806 2378134 58.8 360 3.6 145 142 142 159.714
8 20 40 139 7 2151675 0 362 7.7 139 139 139 157.125
9 20 40 178 934198 2064703 164 361 5.3 180 179 178 159.444
10 20 40 206 4 2336483 0 362 11 206 206 206 164.1
11 40 40 233 142 984858 0.05 360 3.5 233 233 233 170.364
12 40 40 299 1430 953171 0.55 361 4.9 299 299 299 181.083
13 40 40 380 19389 918947 8.04 362 4.3 380 380 380 196.385
14 40 40 352 17 936044 0.01 362 6.6 352 352 352 207.5
15 40 40 403 168657 901960 68.7 362 6.6 404 404 403 220.533
16 40 40 347 2 938686 0 361 24 347 347 347 228.438
17 40 40 308 1 995898 0 361 5.8 308 308 308 233.118
18 40 40 464 59414 907671 24.6 362 16 465 464 464 245.944
19 40 40 276 69739 960911 27.2 361 2.9 278 276 276 247.526
20 40 40 276 168666 932584 66 360 2.2 277 277 276 248.95
21 60 40 590 19 551911 0.01 360 9.2 590 590 590 265.19
22 60 40 466 56561 555404 37.1 361 2.1 469 466 466 274.318
23 60 40 506 316523 531541 216 362 2.8 510 509 506 284.391
24 60 40 525 7 572975 0 362 6.7 525 525 525 294.417
25 60 40 446 18912 551993 12.9 361 2.2 448 446 446 300.48
26 60 40 461 137 568105 0.09 360 4 461 461 461 306.654
27 60 40 415 128 570263 0.08 361 4 415 415 415 310.667
28 60 40 526 4777 545750 3.22 360 2.7 526 526 526 318.357
29 60 40 480 325115 564194 209 361 3.6 483 481 480 323.931
30 60 40 648 10 521566 0.01 361 11 648 648 648 334.733
31 80 40 667 41 388764 0.03 361 9.8 667 667 667 345.452
32 80 40 695 155048 367401 153 360 9.1 697 696 695 356.375
33 80 40 658 232 400224 0.22 361 5.9 658 658 658 365.515
34 80 40 701 62 380681 0.06 362 7.1 701 701 701 375.382
35 80 40 634 37755 385472 35.6 360 1.6 636 634 634 382.771
36 80 40 735 31 393842 0.02 362 6.9 735 735 735 392.556
37 80 40 760 414 380108 0.39 361 4.6 760 760 760 402.486
38 80 40 797 2 370007 0 362 10 797 797 797 412.868
39 80 40 788 5 383429 0 360 5.9 788 788 788 422.487
40 80 40 660 102854 377095 99 360 1.6 663 661 660 428.425
41 100 40 731 110225 289427 138 360 1.6 734 733 731 435.805
42 100 40 854 222 291265 0.27 361 2.7 854 854 854 445.762
43 100 40 719 41134 290741 51.8 360 1.8 721 719 719 452.116
44 100 40 773 125167 287271 158 361 1.1 775 774 773 459.409
45 100 40 860 18 276275 0.02 362 6.3 860 860 860 468.311
46 100 40 981 121 281032 0.15 361 6.6 981 981 981 479.457
47 100 40 774 88 290503 0.11 362 5 774 774 774 485.723
48 100 40 847 103900 286240 132 361 1.3 851 849 847 493.25
49 100 40 811 83391 288473 105 362 2.9 812 812 811 499.735
50 100 40 1040 6 279130 0 360 12 1040 1040 1040 510.54

Tue Sep 13 20:02:02 2011

[BL] fImproved 1 pInvertShove 0 0.03  [Solver] instFirst 1 instLast 1000000 statPeriod 10 fWriteSolution 0 [Sub_2DSPP] nScaleW 0 vsp -0.8 0.5  pTower 0 0  pChangeP_TIP 0.01 pInvertHole 0 0.05  pPermutateHole 0.8 1  pBubbleHole 0.6 0.9  [SVC_2DSPP] MaxTime 360 MaxIter 1e+100 NIterRandom 0 NIterSVC 1 ValReset 1000 19000  blockw_pow 2.1 0.1  p_bwpnew 0.1 BaseOrdering 2 1 1 1  p_choose 0.6 0.6  
inst  m   W   SVC: UB  it_best/all tm_best/all gap%  TmRow: 10 60 inf ave_best^
1 20 40 186 992250 3055719 117 360 8.1 187 187 186 186
2 20 40 114 4 3617607 0 361 8.5 114 114 114 150
3 20 40 195 3 2986313 0 361 10 195 195 195 165
4 20 40 132 2758787 3345720 298 362 5.6 135 135 132 156.75
5 20 40 145 2341323 3548015 239 362 5 147 147 145 154.4
6 20 40 201 34169 3193537 3.82 361 5.2 201 201 201 162.167
7 20 40 142 382806 3437724 40.1 361 3.6 143 142 142 159.286
8 20 40 139 7 3068834 0 361 7.7 139 139 139 156.75
9 20 40 178 934198 2952690 114 360 5.3 180 179 178 159.111
10 20 40 206 4 3356768 0 362 11 206 206 206 163.8
11 40 40 233 142 1404761 0.04 361 3.5 233 233 233 170.091
12 40 40 299 1430 1365205 0.38 361 4.9 299 299 299 180.833
13 40 40 380 19389 1298930 5.36 360 4.3 380 380 380 196.154
14 40 40 352 17 1330853 0.01 362 6.6 352 352 352 207.286
15 40 40 403 168657 1277989 47.8 362 6.6 404 403 403 220.333
16 40 40 347 2 1349226 0 361 24 347 347 347 228.25
17 40 40 308 1 1422437 0 362 5.8 308 308 308 232.941
18 40 40 464 59414 1291251 16.6 361 16 465 464 464 245.778
19 40 40 276 69739 1373929 18.4 362 2.9 278 276 276 247.368
20 40 40 276 168666 1342767 45.3 361 2.2 277 276 276 248.8
21 60 40 590 19 792793 0.02 361 9.2 590 590 590 265.048
22 60 40 466 56561 789926 25.8 361 2.1 469 466 466 274.182
23 60 40 506 316523 755093 151 361 2.8 510 509 506 284.261
24 60 40 525 7 817137 0 362 6.7 525 525 525 294.292
25 60 40 445 716563 788198 328 361 2 446 446 445 300.32
26 60 40 461 137 810378 0.07 360 4 461 461 461 306.5
27 60 40 415 128 816824 0.06 361 4 415 415 415 310.519
28 60 40 526 4777 788275 2.21 360 2.7 526 526 526 318.214
29 60 40 480 325115 800714 146 361 3.6 483 481 480 323.793
30 60 40 648 10 743578 0.01 360 11 648 648 648 334.6
31 80 40 667 41 553664 0.02 361 9.8 667 667 667 345.323
32 80 40 695 155048 526996 106 361 9.1 697 696 695 356.25
33 80 40 658 232 567827 0.15 361 5.9 658 658 658 365.394
34 80 40 701 62 546562 0.05 361 7.1 701 701 701 375.265
35 80 40 634 37755 549792 24.8 361 1.6 636 634 634 382.657
36 80 40 735 31 558826 0.01 361 6.9 735 735 735 392.444
37 80 40 760 414 541747 0.28 361 4.6 760 760 760 402.378
38 80 40 797 2 528253 0 361 10 797 797 797 412.763
39 80 40 788 5 546255 0.01 360 5.9 788 788 788 422.385
40 80 40 660 102854 541731 68.4 361 1.6 663 661 660 428.325
41 100 40 731 110225 406471 97.8 361 1.6 734 733 731 435.707
42 100 40 854 222 410877 0.2 361 2.7 854 854 854 445.667
43 100 40 719 41134 414932 35.7 360 1.8 721 719 719 452.023
44 100 40 773 125167 407024 111 361 1.1 774 774 773 459.318
45 100 40 860 18 389955 0 362 6.3 860 860 860 468.222
46 100 40 981 121 400649 0.11 361 6.6 981 981 981 479.37
47 100 40 774 88 414864 0.08 362 5 774 774 774 485.638
48 100 40 847 103900 407036 92.2 361 1.3 849 849 847 493.167
49 100 40 811 83391 404904 74.6 362 2.9 812 812 811 499.653
50 100 40 1040 6 397489 0.01 361 12 1040 1040 1040 510.46
