C_3_101 LB=0 UB=186
20
40
18	30
13	5
33	19
17	22
18	9
34	24
1	16
9	15
19	31
4	11
19	23
24	4
27	9
13	33
13	15
34	9
27	10
22	28
26	11
25	25

C_3_102 LB=0 UB=114
20
40
7	6
18	25
34	4
3	9
26	12
8	32
1	31
2	17
19	9
1	3
14	7
32	6
3	30
29	17
12	22
7	6
10	11
29	23
13	2
29	25

C_3_103 LB=0 UB=195
20
40
22	17
35	20
17	18
23	6
13	28
31	33
25	16
28	21
11	32
30	10
10	33
29	15
1	23
28	29
13	18
10	21
14	11
35	6
20	4
2	11

C_3_104 LB=0 UB=132
20
40
14	25
2	8
19	22
26	5
32	12
20	4
22	23
11	19
6	23
3	8
10	28
11	9
3	30
28	4
1	33
23	19
31	17
11	23
27	10
19	32

C_3_105 LB=0 UB=145
20
40
34	13
5	32
6	13
32	33
22	6
29	34
15	20
23	17
2	23
18	9
9	31
29	14
5	35
14	11
6	6
12	29
4	28
3	1
3	24
14	13

C_3_106 LB=0 UB=201
20
40
5	25
26	5
8	30
30	15
5	25
34	34
21	25
20	30
27	22
15	20
3	20
22	30
10	34
22	29
19	22
8	33
9	23
18	34
8	16
33	1

C_3_107 LB=0 UB=142
20
40
34	15
33	2
8	24
11	8
6	31
33	7
8	3
32	27
8	27
25	1
9	25
3	14
26	35
5	25
17	3
12	1
20	27
15	29
17	5
20	31

C_3_108 LB=0 UB=139
20
40
30	15
13	3
7	27
29	12
7	2
19	14
13	12
21	2
16	4
17	14
19	4
32	30
5	17
2	8
33	23
12	23
5	15
19	19
4	31
27	23

C_3_109 LB=0 UB=178
20
40
19	13
9	13
34	15
21	28
12	34
26	31
25	27
16	5
19	32
31	11
23	30
15	17
4	14
32	5
13	22
14	2
7	34
13	11
26	9
20	13

C_3_110 LB=0 UB=206
20
40
27	34
19	18
11	4
34	35
26	26
7	7
7	21
35	19
5	29
17	27
11	31
5	2
30	17
24	27
7	28
9	27
4	9
11	4
26	21
21	9

C_3_111 LB=0 UB=233
40
40
7	6
18	25
34	4
3	9
26	12
8	32
1	31
2	17
19	9
1	3
14	7
32	6
3	30
29	17
12	22
7	6
10	11
29	23
13	2
29	25
13	8
21	17
14	24
35	13
32	17
2	7
23	3
9	1
27	9
13	12
23	5
18	31
6	5
5	28
12	3
35	18
23	1
8	29
31	16
9	28

C_3_112 LB=0 UB=299
40
40
14	25
2	8
19	22
26	5
32	12
20	4
22	23
11	19
6	23
3	8
10	28
11	9
3	30
28	4
1	33
23	19
31	17
11	23
27	10
19	32
5	15
16	3
26	14
19	9
25	33
18	33
17	6
18	30
29	19
34	4
30	29
25	7
2	5
28	30
5	32
24	7
9	33
5	24
30	12
10	3

C_3_113 LB=0 UB=380
40
40
5	25
26	5
8	30
30	15
5	25
34	34
21	25
20	30
27	22
15	20
3	20
22	30
10	34
22	29
19	22
8	33
9	23
18	34
8	16
33	1
19	30
9	19
23	33
22	11
13	6
16	16
27	11
19	13
11	17
34	31
27	5
8	4
9	1
2	16
7	10
20	25
14	11
8	35
33	34
28	26

C_3_114 LB=0 UB=352
40
40
30	15
13	3
7	27
29	12
7	2
19	14
13	12
21	2
16	4
17	14
19	4
32	30
5	17
2	8
33	23
12	23
5	15
19	19
4	31
27	23
24	16
16	5
33	34
14	16
12	17
24	11
23	17
27	31
34	26
16	21
28	12
30	7
30	26
12	30
9	26
27	34
17	15
8	12
10	9
6	2

C_3_115 LB=0 UB=403
40
40
27	34
19	18
11	4
34	35
26	26
7	7
7	21
35	19
5	29
17	27
11	31
5	2
30	17
24	27
7	28
9	27
4	9
11	4
26	21
21	9
17	35
9	35
6	30
25	15
30	33
27	35
1	15
18	16
15	24
13	34
7	19
6	33
27	3
34	6
33	27
9	26
28	12
27	5
27	34
23	3

C_3_116 LB=0 UB=347
40
40
9	20
23	1
17	23
12	12
3	11
33	5
16	24
20	6
15	6
23	20
4	21
35	27
32	1
25	20
22	33
8	1
13	3
11	23
21	21
3	6
2	32
1	26
31	29
30	26
18	15
25	1
25	5
2	23
21	28
22	3
23	16
20	4
21	21
11	29
20	35
22	23
1	26
23	15
25	10
28	7

C_3_117 LB=0 UB=308
40
40
2	10
21	19
11	35
3	33
5	30
2	24
24	22
9	9
12	15
29	14
32	24
6	8
18	7
5	7
21	3
27	3
32	26
19	35
21	35
9	13
3	34
34	35
5	2
6	35
32	2
21	27
28	3
14	6
21	20
35	8
16	11
6	15
26	15
2	19
11	12
2	24
8	29
35	11
33	35
33	6

C_3_118 LB=0 UB=464
40
40
34	2
11	2
30	24
31	16
31	11
28	16
29	16
18	6
28	29
29	35
8	19
29	26
31	3
34	18
33	7
1	26
27	35
4	8
7	34
23	3
11	29
16	26
20	25
21	34
26	2
20	31
33	23
4	33
21	22
12	33
18	14
25	33
28	26
35	14
30	28
11	4
18	34
3	7
31	2
4	3

C_3_119 LB=0 UB=276
40
40
16	4
19	6
9	21
4	8
2	11
10	15
12	14
5	18
31	11
5	23
28	27
2	9
17	33
35	3
27	9
14	10
26	16
2	11
30	25
2	32
31	15
31	6
33	14
10	21
16	25
13	33
8	29
21	11
13	19
26	5
11	33
32	7
29	17
20	23
1	33
16	31
13	15
24	25
22	13
26	8

C_3_120 LB=0 UB=276
40
40
25	20
31	12
13	18
3	11
9	10
16	11
18	21
25	27
20	22
35	16
8	28
27	18
19	31
28	14
1	34
6	30
14	19
12	35
29	13
3	9
25	19
19	16
29	19
5	24
11	4
22	13
22	13
6	11
17	27
6	21
2	2
14	25
27	14
1	14
13	7
15	27
1	9
15	10
5	24
3	25

C_3_121 LB=0 UB=590
60
40
22	17
35	20
17	18
23	6
13	28
31	33
25	16
28	21
11	32
30	10
10	33
29	15
1	23
28	29
13	18
10	21
14	11
35	6
20	4
2	11
23	13
33	6
27	31
14	5
13	27
19	1
7	16
29	33
13	26
1	12
13	24
9	34
33	27
34	34
7	28
32	27
22	29
8	6
33	12
11	8
10	3
1	16
3	7
14	20
6	4
32	26
20	22
12	12
28	29
29	8
22	5
26	16
4	14
33	17
26	23
16	4
11	14
28	15
31	14
26	30

C_3_122 LB=0 UB=466
60
40
5	25
26	5
8	30
30	15
5	25
34	34
21	25
20	30
27	22
15	20
3	20
22	30
10	34
22	29
19	22
8	33
9	23
18	34
8	16
33	1
19	30
9	19
23	33
22	11
13	6
16	16
27	11
19	13
11	17
34	31
27	5
8	4
9	1
2	16
7	10
20	25
14	11
8	35
33	34
28	26
11	10
13	27
9	26
16	4
31	4
27	10
23	18
15	1
12	14
32	17
2	18
34	2
8	35
25	20
23	10
21	3
16	5
14	2
1	25
8	11

C_3_123 LB=0 UB=506
60
40
19	13
9	13
34	15
21	28
12	34
26	31
25	27
16	5
19	32
31	11
23	30
15	17
4	14
32	5
13	22
14	2
7	34
13	11
26	9
20	13
15	20
5	1
35	12
18	13
21	13
17	30
24	26
5	9
1	32
32	23
25	24
22	19
7	5
12	24
10	26
19	7
2	9
35	17
33	28
28	13
27	28
14	33
22	2
21	23
33	23
17	10
17	3
18	33
15	3
15	2
5	27
14	15
16	21
29	6
16	12
18	25
21	4
19	29
22	13
14	22

C_3_124 LB=0 UB=525
60
40
9	20
23	1
17	23
12	12
3	11
33	5
16	24
20	6
15	6
23	20
4	21
35	27
32	1
25	20
22	33
8	1
13	3
11	23
21	21
3	6
2	32
1	26
31	29
30	26
18	15
25	1
25	5
2	23
21	28
22	3
23	16
20	4
21	21
11	29
20	35
22	23
1	26
23	15
25	10
28	7
27	15
31	16
22	9
34	34
3	7
19	29
8	3
12	18
17	35
18	26
24	13
17	24
31	34
2	27
20	34
11	27
17	26
24	28
27	4
35	10

C_3_125 LB=0 UB=445
60
40
9	3
11	13
20	31
31	29
17	28
33	24
4	23
8	11
30	19
31	19
18	31
11	16
7	17
12	18
12	16
3	17
27	7
33	17
18	19
25	33
3	20
18	23
8	26
28	26
3	29
11	21
2	33
7	2
33	19
31	8
31	13
5	18
9	19
4	25
32	19
7	33
32	4
8	22
25	13
9	20
3	28
27	31
6	4
18	35
13	16
22	24
18	9
19	3
23	12
2	21
10	26
8	1
5	34
20	17
13	27
28	15
15	10
3	21
1	32
29	5

C_3_126 LB=0 UB=461
60
40
16	4
19	6
9	21
4	8
2	11
10	15
12	14
5	18
31	11
5	23
28	27
2	9
17	33
35	3
27	9
14	10
26	16
2	11
30	25
2	32
31	15
31	6
33	14
10	21
16	25
13	33
8	29
21	11
13	19
26	5
11	33
32	7
29	17
20	23
1	33
16	31
13	15
24	25
22	13
26	8
32	20
13	31
24	4
25	16
24	17
6	2
2	15
19	4
7	2
33	15
34	29
29	4
14	18
33	20
34	8
15	22
17	14
25	14
35	29
20	10

C_3_127 LB=0 UB=415
60
40
15	28
26	8
16	14
28	33
10	25
30	32
25	5
14	9
29	18
6	14
2	31
12	5
8	25
10	19
14	29
29	4
2	10
1	20
34	19
14	2
8	13
24	1
11	32
34	9
33	20
27	29
10	6
27	7
27	27
6	5
6	30
12	28
21	7
4	21
17	31
20	10
22	13
6	1
4	16
24	8
14	8
7	23
10	4
8	17
31	33
17	3
20	27
3	10
7	4
18	5
30	23
18	6
35	21
7	4
13	11
1	3
3	22
27	18
22	22
19	7

C_3_128 LB=0 UB=526
60
40
10	33
25	32
23	16
35	27
33	15
3	11
10	23
26	35
2	9
4	21
4	22
21	8
18	21
1	12
25	10
16	24
17	3
13	13
34	28
18	31
20	19
1	35
3	27
12	27
23	8
9	24
24	2
29	18
33	24
20	14
20	31
7	25
35	27
31	10
1	29
1	8
26	27
14	34
20	26
5	11
12	7
25	11
5	31
29	17
14	33
23	19
31	28
22	22
26	9
18	7
15	14
14	1
24	23
27	7
22	30
14	6
24	2
13	25
24	26
6	34

C_3_129 LB=0 UB=480
60
40
16	21
20	1
22	5
7	28
6	9
26	1
18	2
11	18
15	34
12	12
1	29
23	35
27	25
10	8
15	2
26	5
4	23
27	7
10	22
18	6
24	13
13	5
16	25
5	22
35	26
33	12
6	32
8	14
35	35
26	10
34	4
22	26
31	24
11	31
28	19
20	6
7	25
19	13
29	25
22	21
29	10
22	11
22	19
24	9
35	34
6	20
3	10
33	23
10	22
2	13
15	15
34	26
20	17
16	9
7	32
23	24
2	5
35	6
11	33
8	3

C_3_130 LB=0 UB=648
60
40
25	26
9	26
17	17
10	6
30	13
27	34
32	6
17	19
3	34
20	25
7	10
17	20
11	28
33	20
32	25
4	17
27	14
15	14
34	24
22	29
34	23
31	17
20	27
21	17
30	28
20	11
10	30
31	25
21	14
35	28
34	6
25	1
28	10
4	6
31	8
23	12
11	26
4	34
20	33
21	30
14	10
19	4
32	19
26	6
20	29
10	28
5	21
23	4
25	21
21	21
28	34
8	34
4	5
35	13
27	31
24	8
9	11
14	13
11	32
20	30

C_3_131 LB=0 UB=667
80
40
14	25
2	8
19	22
26	5
32	12
20	4
22	23
11	19
6	23
3	8
10	28
11	9
3	30
28	4
1	33
23	19
31	17
11	23
27	10
19	32
5	15
16	3
26	14
19	9
25	33
18	33
17	6
18	30
29	19
34	4
30	29
25	7
2	5
28	30
5	32
24	7
9	33
5	24
30	12
10	3
24	18
21	18
31	11
28	15
31	27
1	20
17	13
26	3
26	31
25	13
6	15
1	10
17	16
5	30
29	25
29	20
23	12
8	8
26	27
26	31
6	27
7	35
14	17
23	14
8	11
21	4
25	2
28	23
13	29
12	28
33	3
24	21
18	20
22	20
20	15
9	15
31	4
1	12
19	12
24	24

C_3_132 LB=0 UB=695
80
40
30	15
13	3
7	27
29	12
7	2
19	14
13	12
21	2
16	4
17	14
19	4
32	30
5	17
2	8
33	23
12	23
5	15
19	19
4	31
27	23
24	16
16	5
33	34
14	16
12	17
24	11
23	17
27	31
34	26
16	21
28	12
30	7
30	26
12	30
9	26
27	34
17	15
8	12
10	9
6	2
27	34
12	20
14	26
30	24
33	34
7	17
18	16
4	15
19	10
25	10
29	33
16	6
17	6
4	18
33	3
29	4
34	5
34	2
24	4
13	29
20	3
5	6
12	20
25	7
5	10
30	13
15	12
24	16
33	8
24	20
29	24
20	5
18	29
17	34
27	4
31	6
25	11
18	6
29	19
18	26

C_3_133 LB=0 UB=658
80
40
9	20
23	1
17	23
12	12
3	11
33	5
16	24
20	6
15	6
23	20
4	21
35	27
32	1
25	20
22	33
8	1
13	3
11	23
21	21
3	6
2	32
1	26
31	29
30	26
18	15
25	1
25	5
2	23
21	28
22	3
23	16
20	4
21	21
11	29
20	35
22	23
1	26
23	15
25	10
28	7
27	15
31	16
22	9
34	34
3	7
19	29
8	3
12	18
17	35
18	26
24	13
17	24
31	34
2	27
20	34
11	27
17	26
24	28
27	4
35	10
31	6
11	1
19	13
4	4
32	17
6	1
15	22
20	17
29	8
27	24
10	3
20	35
7	10
2	7
13	11
24	16
31	32
8	7
8	7
27	6

C_3_134 LB=0 UB=701
80
40
34	2
11	2
30	24
31	16
31	11
28	16
29	16
18	6
28	29
29	35
8	19
29	26
31	3
34	18
33	7
1	26
27	35
4	8
7	34
23	3
11	29
16	26
20	25
21	34
26	2
20	31
33	23
4	33
21	22
12	33
18	14
25	33
28	26
35	14
30	28
11	4
18	34
3	7
31	2
4	3
13	6
18	20
27	27
24	25
7	21
17	35
3	28
33	8
8	28
19	16
26	14
2	6
2	23
21	4
33	3
22	15
19	14
31	19
9	27
18	9
31	20
33	23
19	23
33	6
24	3
23	22
2	11
17	3
28	5
8	1
12	23
35	8
16	10
9	27
10	30
26	4
8	15
21	2
4	17
10	24

C_3_135 LB=0 UB=634
80
40
25	20
31	12
13	18
3	11
9	10
16	11
18	21
25	27
20	22
35	16
8	28
27	18
19	31
28	14
1	34
6	30
14	19
12	35
29	13
3	9
25	19
19	16
29	19
5	24
11	4
22	13
22	13
6	11
17	27
6	21
2	2
14	25
27	14
1	14
13	7
15	27
1	9
15	10
5	24
3	25
18	31
32	5
8	24
23	3
26	7
15	9
30	29
23	27
23	13
5	4
21	33
34	1
16	34
21	22
12	9
29	14
24	32
26	2
10	13
28	26
8	14
27	31
35	4
27	10
12	34
8	2
13	27
33	22
19	20
1	27
22	29
31	22
26	12
12	21
11	8
18	17
5	32
28	14
12	7
35	28

C_3_136 LB=0 UB=735
80
40
10	33
25	32
23	16
35	27
33	15
3	11
10	23
26	35
2	9
4	21
4	22
21	8
18	21
1	12
25	10
16	24
17	3
13	13
34	28
18	31
20	19
1	35
3	27
12	27
23	8
9	24
24	2
29	18
33	24
20	14
20	31
7	25
35	27
31	10
1	29
1	8
26	27
14	34
20	26
5	11
12	7
25	11
5	31
29	17
14	33
23	19
31	28
22	22
26	9
18	7
15	14
14	1
24	23
27	7
22	30
14	6
24	2
13	25
24	26
6	34
25	23
19	13
7	33
21	23
33	2
28	35
1	25
31	28
33	3
1	29
15	21
22	9
21	35
17	16
32	16
25	9
5	13
26	26
14	19
12	12

C_3_137 LB=0 UB=760
80
40
21	30
9	11
30	16
34	6
17	23
21	17
31	19
9	2
31	20
13	34
20	17
26	24
14	16
17	35
5	31
35	35
32	20
4	5
6	21
33	7
23	16
31	10
18	31
26	29
5	35
22	22
13	9
34	27
11	15
21	26
13	21
19	10
12	10
11	18
12	7
23	31
29	16
25	6
19	19
31	17
22	7
34	9
18	19
4	10
34	1
24	24
5	15
19	30
15	30
26	23
23	27
26	4
31	32
11	25
21	15
21	8
19	25
35	27
30	22
12	28
34	7
24	2
24	32
18	24
2	19
20	4
21	8
35	4
1	12
9	28
18	26
2	23
16	16
20	14
22	35
7	6
6	5
27	15
19	33
13	32

C_3_138 LB=0 UB=797
80
40
20	2
3	11
25	14
1	8
31	35
19	10
19	33
27	8
15	24
4	8
24	1
14	24
26	2
24	13
14	8
16	16
25	10
16	11
7	14
29	27
20	34
35	32
35	28
27	7
31	34
8	13
35	34
28	21
17	18
11	10
28	27
29	8
23	6
29	18
8	17
3	22
33	29
24	11
19	22
3	24
7	24
3	7
11	4
27	22
24	11
21	3
14	4
11	35
32	21
3	6
1	8
11	25
29	27
28	1
27	12
22	33
22	14
10	20
18	24
18	11
30	12
15	34
16	27
17	23
14	29
16	28
6	19
15	8
18	14
32	34
19	6
22	19
25	34
24	24
28	9
20	19
32	27
1	18
17	23
6	15

C_3_139 LB=0 UB=788
80
40
29	14
22	19
11	34
4	8
20	7
22	5
15	20
21	15
35	31
29	18
24	7
15	6
10	34
28	19
32	1
27	1
35	15
16	15
12	22
9	31
2	14
34	27
20	31
25	33
23	17
33	16
15	1
14	27
13	20
8	23
7	21
30	9
2	30
2	35
14	17
33	22
34	33
35	10
32	33
33	15
23	23
32	29
34	18
13	20
35	9
2	4
5	2
4	9
8	11
34	3
11	28
15	2
31	24
20	32
24	12
29	29
30	21
35	7
29	19
8	29
14	22
32	28
23	21
29	21
1	22
4	33
12	4
8	35
23	30
31	7
16	33
9	11
18	30
27	16
32	12
6	2
4	18
22	32
32	29
19	5

C_3_140 LB=0 UB=660
80
40
27	17
25	25
24	1
18	21
17	1
5	6
12	10
11	31
23	31
7	18
8	11
8	6
5	11
6	10
30	35
5	23
6	29
20	14
6	20
8	33
11	12
10	2
13	20
4	30
16	3
19	28
35	32
23	23
28	20
32	19
33	28
3	32
32	26
10	18
16	28
33	17
24	27
30	8
2	27
5	21
12	9
7	22
23	34
30	28
15	2
8	32
16	33
25	1
30	14
4	22
1	20
19	16
29	30
15	23
10	2
20	23
31	11
3	8
14	35
14	18
33	34
10	32
34	10
30	9
8	14
21	21
30	3
8	15
10	17
31	17
10	1
1	33
34	16
14	6
29	33
5	34
20	30
24	17
12	2
28	5

C_3_141 LB=0 UB=731
100
40
34	13
5	32
6	13
32	33
22	6
29	34
15	20
23	17
2	23
18	9
9	31
29	14
5	35
14	11
6	6
12	29
4	28
3	1
3	24
14	13
19	32
14	21
8	34
19	31
9	21
21	22
4	32
24	22
19	13
9	35
24	26
2	5
33	4
8	31
4	35
7	11
11	4
26	31
35	20
34	13
32	30
12	31
7	25
23	31
10	9
34	4
33	33
27	24
11	19
28	3
28	6
7	2
7	10
14	25
23	22
6	19
19	12
23	9
25	29
9	35
8	33
28	7
19	25
12	24
15	22
13	17
1	17
23	4
27	12
10	12
14	23
25	8
3	9
25	9
8	6
15	8
21	32
10	7
12	9
1	23
32	9
29	12
1	15
3	14
30	17
21	9
29	21
16	24
24	5
4	29
21	34
13	4
34	5
11	10
21	4
14	18
20	24
13	6
13	32
14	4

C_3_142 LB=0 UB=854
100
40
27	34
19	18
11	4
34	35
26	26
7	7
7	21
35	19
5	29
17	27
11	31
5	2
30	17
24	27
7	28
9	27
4	9
11	4
26	21
21	9
17	35
9	35
6	30
25	15
30	33
27	35
1	15
18	16
15	24
13	34
7	19
6	33
27	3
34	6
33	27
9	26
28	12
27	5
27	34
23	3
24	2
13	26
21	14
22	19
35	3
21	9
23	21
25	35
23	24
25	7
16	16
27	23
30	13
10	17
33	7
2	3
6	2
6	10
10	13
3	6
16	33
21	7
3	31
28	6
34	21
5	4
7	32
14	20
9	33
24	9
31	3
15	11
7	5
15	5
23	8
27	21
1	28
33	25
15	21
24	34
10	26
4	5
14	25
24	12
30	10
6	1
5	18
24	33
35	31
23	8
19	7
31	11
8	18
17	34
29	10
31	12
16	12
30	29
20	26
18	9

C_3_143 LB=0 UB=719
100
40
9	3
11	13
20	31
31	29
17	28
33	24
4	23
8	11
30	19
31	19
18	31
11	16
7	17
12	18
12	16
3	17
27	7
33	17
18	19
25	33
3	20
18	23
8	26
28	26
3	29
11	21
2	33
7	2
33	19
31	8
31	13
5	18
9	19
4	25
32	19
7	33
32	4
8	22
25	13
9	20
3	28
27	31
6	4
18	35
13	16
22	24
18	9
19	3
23	12
2	21
10	26
8	1
5	34
20	17
13	27
28	15
15	10
3	21
1	32
29	5
12	17
28	17
27	2
5	14
5	4
11	1
19	14
1	27
14	2
16	16
17	18
1	5
34	19
18	11
8	10
35	25
3	6
34	17
22	33
7	2
10	26
27	8
31	1
6	3
18	20
5	2
21	16
28	34
33	5
21	31
22	15
11	10
5	14
1	33
8	17
9	33
35	18
24	26
32	20
18	5

C_3_144 LB=0 UB=773
100
40
25	20
31	12
13	18
3	11
9	10
16	11
18	21
25	27
20	22
35	16
8	28
27	18
19	31
28	14
1	34
6	30
14	19
12	35
29	13
3	9
25	19
19	16
29	19
5	24
11	4
22	13
22	13
6	11
17	27
6	21
2	2
14	25
27	14
1	14
13	7
15	27
1	9
15	10
5	24
3	25
18	31
32	5
8	24
23	3
26	7
15	9
30	29
23	27
23	13
5	4
21	33
34	1
16	34
21	22
12	9
29	14
24	32
26	2
10	13
28	26
8	14
27	31
35	4
27	10
12	34
8	2
13	27
33	22
19	20
1	27
22	29
31	22
26	12
12	21
11	8
18	17
5	32
28	14
12	7
35	28
11	5
8	15
32	9
32	15
6	9
30	8
20	10
6	22
31	28
10	24
8	19
34	32
2	23
13	1
4	20
31	7
19	3
11	29
27	10
27	24

C_3_145 LB=0 UB=860
100
40
3	30
2	30
19	15
15	28
32	18
21	15
12	29
12	7
7	17
28	31
11	34
13	21
28	1
30	27
3	27
13	8
33	23
13	35
18	16
21	21
7	10
7	27
29	21
21	22
16	5
21	22
20	2
9	20
32	26
3	18
22	2
28	32
5	1
20	20
9	5
27	21
2	6
9	15
34	9
3	29
29	27
25	33
24	19
33	6
1	24
30	12
22	22
31	18
20	6
30	6
11	13
29	2
23	26
10	11
24	35
35	13
29	10
2	35
32	2
33	12
1	3
13	29
21	16
18	7
14	22
28	21
21	13
35	17
20	29
8	22
5	15
32	4
14	32
30	14
28	16
5	10
4	16
9	30
15	24
32	19
9	11
11	6
11	25
28	29
25	25
8	33
33	14
24	10
26	7
22	1
8	33
28	19
30	25
11	23
14	33
23	16
34	15
20	14
35	9
6	8

C_3_146 LB=0 UB=981
100
40
25	26
9	26
17	17
10	6
30	13
27	34
32	6
17	19
3	34
20	25
7	10
17	20
11	28
33	20
32	25
4	17
27	14
15	14
34	24
22	29
34	23
31	17
20	27
21	17
30	28
20	11
10	30
31	25
21	14
35	28
34	6
25	1
28	10
4	6
31	8
23	12
11	26
4	34
20	33
21	30
14	10
19	4
32	19
26	6
20	29
10	28
5	21
23	4
25	21
21	21
28	34
8	34
4	5
35	13
27	31
24	8
9	11
14	13
11	32
20	30
2	14
35	4
33	32
28	35
26	32
13	19
20	5
20	9
31	26
15	30
15	5
15	17
12	5
12	21
1	28
10	34
12	22
25	24
11	12
13	7
15	3
14	10
16	11
8	3
19	28
22	35
2	22
26	30
30	9
34	25
34	17
4	2
32	13
10	23
16	15
33	21
23	14
29	12
1	13
3	24

C_3_147 LB=0 UB=774
100
40
17	23
13	15
3	2
18	29
32	9
29	9
4	1
1	5
4	17
9	10
24	3
34	28
34	22
32	4
13	6
8	35
25	6
13	20
2	15
2	11
31	2
16	33
34	17
34	21
14	17
15	26
22	7
31	4
15	1
29	30
33	28
1	14
21	20
20	18
6	28
32	12
26	11
30	10
28	6
17	6
4	29
8	2
27	2
32	15
8	35
22	1
10	2
28	35
1	2
8	27
32	2
35	5
25	19
20	7
18	10
26	13
28	13
21	17
12	9
21	21
9	26
18	7
33	32
16	2
8	7
30	9
7	15
18	9
11	23
18	30
12	14
12	5
14	12
26	20
32	24
29	31
24	28
2	9
29	18
7	3
27	32
13	6
10	16
1	21
17	31
32	30
29	13
5	24
3	11
7	7
13	18
29	30
5	3
6	15
5	15
22	35
18	13
35	3
24	35
14	14

C_3_148 LB=0 UB=847
100
40
27	17
25	25
24	1
18	21
17	1
5	6
12	10
11	31
23	31
7	18
8	11
8	6
5	11
6	10
30	35
5	23
6	29
20	14
6	20
8	33
11	12
10	2
13	20
4	30
16	3
19	28
35	32
23	23
28	20
32	19
33	28
3	32
32	26
10	18
16	28
33	17
24	27
30	8
2	27
5	21
12	9
7	22
23	34
30	28
15	2
8	32
16	33
25	1
30	14
4	22
1	20
19	16
29	30
15	23
10	2
20	23
31	11
3	8
14	35
14	18
33	34
10	32
34	10
30	9
8	14
21	21
30	3
8	15
10	17
31	17
10	1
1	33
34	16
14	6
29	33
5	34
20	30
24	17
12	2
28	5
21	21
22	24
3	33
20	10
33	31
16	12
21	18
12	23
30	10
25	11
28	33
11	27
30	23
10	29
30	29
2	20
30	9
15	16
12	1
17	8

C_3_149 LB=0 UB=811
100
40
16	19
8	1
6	26
6	31
16	2
21	4
16	10
9	5
20	19
10	26
22	10
5	2
24	9
19	17
8	21
23	29
1	26
32	8
6	17
2	2
4	31
9	6
23	16
32	22
31	32
28	31
9	14
3	25
18	13
5	9
29	21
28	32
21	6
5	18
22	19
21	4
35	17
35	7
7	5
15	19
33	33
11	8
14	22
16	25
35	13
33	28
18	20
9	20
2	35
5	16
2	28
25	10
11	15
15	4
33	22
2	15
12	17
25	35
12	18
29	32
1	16
7	23
30	15
33	34
21	30
16	34
13	18
20	4
22	20
14	5
4	14
12	8
34	29
7	27
21	33
3	20
29	7
15	26
27	13
2	24
29	20
35	8
28	8
27	16
28	5
4	29
10	15
6	4
35	17
12	15
3	5
15	8
34	18
20	9
15	35
5	22
21	14
35	29
31	29
7	21

C_3_150 LB=0 UB=1040
100
40
31	27
8	8
32	4
29	20
7	8
20	33
29	33
8	28
10	13
31	31
11	32
2	11
1	13
16	20
31	30
7	14
23	28
27	33
15	1
32	21
25	20
26	6
8	33
25	27
3	31
21	30
27	19
18	6
1	11
31	30
34	35
18	12
2	26
18	14
2	32
10	6
3	13
23	2
21	5
26	30
12	27
33	25
15	33
2	35
12	29
7	20
29	29
29	17
1	26
24	7
12	25
32	18
20	5
33	17
30	28
19	22
20	29
29	23
19	23
10	26
31	3
22	10
1	7
35	2
27	15
30	7
6	21
33	6
26	28
14	24
7	16
23	32
24	12
18	10
23	21
2	20
31	24
25	30
16	12
11	22
29	24
32	23
27	5
35	1
15	19
11	8
8	34
35	35
32	30
18	16
23	35
20	2
30	17
12	19
10	28
9	3
4	24
2	3
25	9
32	12

