C_3_101 LB=0 UB=186
20
40
18	30
13	5
33	19
17	22
18	9
34	24
1	16
9	15
19	31
4	11
19	23
24	4
27	9
13	33
13	15
34	9
27	10
22	28
26	11
25	25

C_3_102 LB=0 UB=114
20
40
7	6
18	25
34	4
3	9
26	12
8	32
1	31
2	17
19	9
1	3
14	7
32	6
3	30
29	17
12	22
7	6
10	11
29	23
13	2
29	25

C_3_103 LB=0 UB=195
20
40
22	17
35	20
17	18
23	6
13	28
31	33
25	16
28	21
11	32
30	10
10	33
29	15
1	23
28	29
13	18
10	21
14	11
35	6
20	4
2	11

C_3_104 LB=0 UB=132
20
40
14	25
2	8
19	22
26	5
32	12
20	4
22	23
11	19
6	23
3	8
10	28
11	9
3	30
28	4
1	33
23	19
31	17
11	23
27	10
19	32

C_3_105 LB=0 UB=145
20
40
34	13
5	32
6	13
32	33
22	6
29	34
15	20
23	17
2	23
18	9
9	31
29	14
5	35
14	11
6	6
12	29
4	28
3	1
3	24
14	13

C_3_106 LB=0 UB=199
20
40
5	25
26	5
8	30
30	15
5	25
34	34
21	25
20	30
27	22
15	20
3	20
22	30
10	34
22	29
19	22
8	33
9	23
18	34
8	16
33	1

C_3_107 LB=0 UB=142
20
40
34	15
33	2
8	24
11	8
6	31
33	7
8	3
32	27
8	27
25	1
9	25
3	14
26	35
5	25
17	3
12	1
20	27
15	29
17	5
20	31

C_3_108 LB=0 UB=139
20
40
30	15
13	3
7	27
29	12
7	2
19	14
13	12
21	2
16	4
17	14
19	4
32	30
5	17
2	8
33	23
12	23
5	15
19	19
4	31
27	23

C_3_109 LB=0 UB=178
20
40
19	13
9	13
34	15
21	28
12	34
26	31
25	27
16	5
19	32
31	11
23	30
15	17
4	14
32	5
13	22
14	2
7	34
13	11
26	9
20	13

C_3_110 LB=0 UB=206
20
40
27	34
19	18
11	4
34	35
26	26
7	7
7	21
35	19
5	29
17	27
11	31
5	2
30	17
24	27
7	28
9	27
4	9
11	4
26	21
21	9

C_3_111 LB=0 UB=231
40
40
7	6
18	25
34	4
3	9
26	12
8	32
1	31
2	17
19	9
1	3
14	7
32	6
3	30
29	17
12	22
7	6
10	11
29	23
13	2
29	25
13	8
21	17
14	24
35	13
32	17
2	7
23	3
9	1
27	9
13	12
23	5
18	31
6	5
5	28
12	3
35	18
23	1
8	29
31	16
9	28

