Mon Aug 15 16:18:10 2005

 inst  m   W   SVC:tm it:all best Tm:1dh 1dv cg  UB  LBh  LBv
   1   20  100 0.02 1000  177 0.08 0.12   89%   75   69   69
   2   20  100 0.02 1000  598 0.09 0.06   64%   44   42   42
   3   20  100 0.02 1000  142 0.05 0.08   69%   78   71   71
   4   20  100 0.02 1000  242 0.07 0.08   73%   54   50   50
   5   20  100 0.02 1000   21 0.08 0.18   69%   60   56   57
   6   20  100 0.02 1000   49 0.09 0.32   79%   83   77   78
   7   20  100 0.02 1000  342  0.1 0.09   77%   58   55   55
   8   20  100 0.02 1000  148 0.06 0.24   79%   55   52   53
   9   20  100 0.02 1000  170 0.08 0.11  100%   73   68   68
  10   20  100 0.02 1000   99 0.07 0.26   81%   79   74   76
  11   40  100 0.05 1000  122 0.22 0.22   88%   94   90   90
  12   40  100 0.05 1000  598 0.17 0.26   79%  120  114  114
  13   40  100 0.05 1000  667 0.22 0.24   67%  153  146  146
  14   40  100 0.05 1000  293 0.23 0.19   78%  138  132  132
  15   40  100 0.05 1000  671 0.19 0.22   67%  160  152  152
  16   40  100 0.05 1000   50 0.19 0.16   79%  118  112  112
  17   40  100 0.05 1000  418  0.2 0.25   84%  121  117  117
  18   40  100 0.05 1000  746 0.24 0.19   76%  167  160  160
  19   40  100 0.05 1000  966 0.23 0.22   80%  112  108  108
  20   40  100 0.05 1000  169 0.19 0.19   68%  115  108  108
  21   60  100 0.09 1000  499 0.41 0.53   65%  226  216  216
  22   60  100 0.08 1000  150 0.37 0.41   80%  192  183  183
  23   60  100 0.09 1000  367 0.39 0.37   73%  208  197  197
  24   60  100 0.08 1000   94 0.36 0.44   68%  207  197  197
  25   60  100 0.08 1000  498  0.4 0.52   76%  181  175  175
  26   60  100 0.09 1000   45  0.4 0.46   76%  186  178  178
  27   60  100 0.08 1000  275 0.38 0.46   70%  166  160  160
  28   60  100 0.09 1000   19 0.34 0.48   69%  216  205  205
  29   60  100 0.08 1000  500 0.41 0.53   79%  193  186  186
  30   60  100 0.07 1000  519 0.43 0.47   75%  243  233  233
  31   80  100 0.12 1000  193 0.53 1.04   66%  253  243  243
  32   80  100 0.11 1000  148 0.75 0.81   64%  265  255  255
  33   80  100 0.12 1000  997  0.7 0.93   68%  259  249  249
  34   80  100 0.12 1000  293 0.65 0.77   66%  271  262  262
  35   80  100 0.12 1000  791 0.66 0.94   66%  262  250  250
  36   80  100 0.13 1000  274 0.64  1.1   63%  288  275  275
  37   80  100 0.13 1000  575 0.68 0.95   73%  303  291  291
  38   80  100 0.12 1000  375 0.64 0.98   67%  301  289  289
  39   80  100 0.12 1000  143 0.67  0.9   69%  311  298  298
  40   80  100 0.12 1000  499 0.82 1.14   57%  268  260  260
  41  100  100 0.17 1000  324 0.85 1.58   46%  300  288  288
  42  100  100 0.16 1000  168 0.88 1.54   59%  345  333  333
  43  100  100 0.17 1000  741 1.02 1.79   59%  293  283  283
  44  100  100 0.17 1000  274 1.04 1.56   60%  316  306  306
  45  100  100 0.17 1000  420 0.98 1.17   57%  337  324  324
  46  100  100 0.17 1000  974 0.98 1.68   56%  381  368  368
  47  100  100 0.17 1000  144 0.98 1.74   58%  307  295  295
  48  100  100 0.17 1000  544 1.03 1.86   58%  345  335  335
  49  100  100 0.17 1000  274 1.02 1.83   58%  325  316  316
  50  100  100 0.16 1000  150 1.07  1.9   60%  385  372  372

Fri Sep 30 17:49:26 2005
 inst  m   W   SVC: UB  tm it:all best Tm:1dh 1dv cg  LBh  LBv
1 20 100 72 3.41 100000 15106 0 0 5.64 0 0 
2 20 100 44 3.73 100000 125 0 0 0 0 0 
3 20 100 75 3.51 100000 5649 0 0 0 0 0 
4 20 100 52 3.84 100000 39560 0 0 2.56 0 0 
5 20 100 60 3.91 100000 992 0 0 0 0 0 
6 20 100 80 3.61 100000 49609 0 0 0 0 0 
7 20 100 58 3.62 100000 2232 0 0 0 0 0 
8 20 100 54 3.43 100000 512 0 0 0 0 0 
9 20 100 71 3.45 100000 4011 0 0 0 0 0 
10 20 100 79 3.54 100000 20 0 0.01 0 0 0 
11 40 100 92 7.42 100000 9831 0 0 2.47 0 0 
12 40 100 118 7.54 100000 2182 0 0 0 0 0 
13 40 100 150 7.23 100000 947 0 0 0 0 0 
14 40 100 136 6.95 100000 5204 0 0 0 0 0 
15 40 100 156 7.4 100000 665 0 0 0 0 0 
16 40 100 114 7.2 100000 74729 0 0 1.51 0 0 
17 40 100 119 7.64 100000 2555 0 0 0 0 0 
18 40 100 163 6.98 100000 63139 0 0 0 0 0 
19 40 100 111 7.65 100000 42372 0 0 0 0 0 
20 40 100 112 7.99 100000 51270 0 0 0 0 0 
21 60 100 222 11.24 100000 12623 0 0 1.68 0 0 
22 60 100 188 11.99 100000 9151 0 0 0 0 0 
23 60 100 202 11.49 100000 40149 0 0 0.85 0 0 
24 60 100 202 11.73 100000 39913 0 0 0 0 0 
25 60 100 179 12.53 100000 10725 0 0 0 0 0 
26 60 100 183 11.59 100000 18558 0 0 0 0 0 
27 60 100 163 11.76 100000 2000 0 0 0 0 0 
28 60 100 210 11.81 100000 20455 0 0 0 0 0 
29 60 100 190 11.85 100000 1755 0 0 0 0 0 
30 60 100 240 10.84 100000 20974 0 0 0 0 0 
31 80 100 248 16.89 100000 49526 0 0 1.28 0 0 
32 80 100 261 15.4 100000 36886 0 0 0 0 0 
33 80 100 254 16.43 100000 17819 0 0 0 0 0 
34 80 100 267 16.24 100000 4280 0 0 0 0 0 
35 80 100 256 17.05 100000 93223 0 0 0 0 0 
36 80 100 282 16.86 100000 57851 0 0 0 0 0 
37 80 100 298 16.65 100000 27479 0 0 0 0 0 
38 80 100 295 15.89 100000 7391 0 0 0 0 0 
39 80 100 305 16.14 100000 1466 0 0 0 0 0 
40 80 100 265 16.97 100000 3569 0 0 0 0 0 
41 100 100 294 23.23 100000 11170 0 0 0.8 0 0 
42 100 100 340 22.13 100000 29397 0 0 0.44 0 0 
43 100 100 288 22.93 100000 12942 0 0 0 0 0 
44 100 100 313 22.6 100000 2792 0 0 0 0 0 
45 100 100 331 22.3 100000 23767 0 0 0 0 0 
46 100 100 376 22.17 100000 33578 0 0 0 0 0 
47 100 100 301 21.37 100000 4357 0 0 0 0 0 
48 100 100 340 22.09 100000 74480 0 0 0 0 0 
49 100 100 321 22.06 100000 777 0 0 0 0 0 
50 100 100 379 21.82 100000 41196 0 0 0 0 0 

Thu Oct  6 19:15:20 2005
 inst  m   W   SVC: UB  tm it:all best Tm:1dh 1dv cg  LBh  LBv
1 20 100 72 0.74 10000 1133 0 0 19 0 0 
2 20 100 44 0.79 10000 334 0 0 0 0 0 
3 20 100 76 0.75 10000 1635 0 0 6.83 0 0 
4 20 100 54 0.82 10000 90 0 0 0 0 0 
5 20 100 60 0.87 10000 209 0 0 0 0 0 
6 20 100 81 0.77 10000 4762 0 0 9.37 0 0 
7 20 100 58 0.77 10000 172 0 0 0 0 0 
8 20 100 54 0.72 10000 4032 0 0 0 0 0 
9 20 100 71 0.74 10000 4674 0 0 0 0 0 
10 20 100 79 0.77 10000 58 0 0 0 0 0 
11 40 100 93 1.6 10000 2113 0 0 9.56 0 0 
12 40 100 118 1.64 10000 4930 0 0 4.84 0 0 
13 40 100 149 1.61 10000 4041 0 0 0 0 0 
14 40 100 136 1.53 10000 4926 0 0 0 0 0 
15 40 100 157 1.63 10000 2974 0 0 0 0 0 
16 40 100 115 1.56 10000 4743 0 0 0 0 0 
17 40 100 120 1.64 10000 404 0 0 0 0 0 
18 40 100 165 1.49 10000 4855 0 0 0 0 0 
19 40 100 112 1.65 10000 156 0 0 0 0 0 
20 40 100 112 1.73 10000 9148 0 0 0 0 0 
21 60 100 222 2.39 10000 3866 0 0 6.91 0 0 
22 60 100 187 2.5 10000 1398 0 0 0 0 0 
23 60 100 203 2.43 10000 4010 0 0 0 0 0 
24 60 100 203 2.44 10000 3741 0 0 0 0 0 
25 60 100 179 2.71 10000 1173 0 0 0 0 0 
26 60 100 184 2.47 10000 822 0 0 0 0 0 
27 60 100 164 2.47 10000 136 0 0 0 0 0 
28 60 100 211 2.51 10000 5340 0 0 0 0 0 
29 60 100 190 2.45 10000 3817 0 0 0 0 0 
30 60 100 241 2.34 10000 1850 0 0 0 0 0 
31 80 100 249 3.52 10000 3222 0 0 4.58 0 0 
32 80 100 262 3.24 10000 8759 0 0 2.66 0 0 
33 80 100 254 3.36 10000 7451 0 0 0 0 0 
34 80 100 268 3.33 10000 7719 0 0 0 0 0 
35 80 100 257 3.51 10000 737 0 0 0 0 0 
36 80 100 283 3.48 10000 4874 0 0 0 0 0 
37 80 100 299 3.41 10000 5093 0 0 0 0 0 
38 80 100 297 3.32 10000 1188 0 0 0 0 0 
39 80 100 304 3.36 10000 2445 0 0 0 0 0 
40 80 100 265 3.47 10000 1210 0 0 0 0 0 
41 100 100 294 4.68 10000 5844 0 0 3.7 0 0 
42 100 100 341 4.5 10000 4961 0 0 0 0 0 
43 100 100 289 4.66 10000 6639 0 0 0 0 0 
44 100 100 313 4.56 10000 5433 0 0 0 0 0 
45 100 100 331 4.48 10000 1233 0 0 0 0 0 
46 100 100 377 4.41 10000 9466 0 0 0 0 0 
47 100 100 301 4.32 10000 2890 0 0 0 0 0 
48 100 100 341 4.51 10000 349 0 0 0 0 0 
49 100 100 322 4.49 10000 1323 0 0 0 0 0 
50 100 100 382 4.41 10000 3258 0 0 0 0 0 

Sun Oct  9 19:40:05 2005
 inst  m   W   SVC: UB  tm it:all best Tm:1dh 1dv cg  LBh  LBv
1 20 100 74 1.64 10000 199 0 0 6.45 0 0 
2 20 100 44 1.41 10000 50 0 0 0 0 0 
3 20 100 75 1.63 10000 4215 0 0 5.08 0 0 
4 20 100 53 1.53 10000 1866 0 0 0 0 0 
5 20 100 60 1.57 10000 1135 0 0 0 0 0 
6 20 100 80 1.58 10000 1603 0 0 0 0 0 
7 20 100 58 1.49 10000 3511 0 0 0 0 0 
8 20 100 54 1.45 10000 2506 0 0 0 0 0 
9 20 100 71 1.68 10000 8173 0 0 0 0 0 
10 20 100 80 1.64 10000 1549 0 0 0 0 0 
11 40 100 92 3.96 10000 9211 0 0 4.61 0 0 
12 40 100 117 4.4 10000 4984 0 0 0 0 0 
13 40 100 150 4.6 10000 4509 0 0 0 0 0 
14 40 100 136 4.38 10000 3402 0 0 0 0 0 
15 40 100 156 4.5 10000 9874 0 0 0 0 0 
16 40 100 116 4.2 10000 234 0 0 0 0 0 
17 40 100 120 4.09 10000 339 0 0 0 0 0 
18 40 100 164 4.58 10000 1767 0 0 0 0 0 
19 40 100 110 4.24 10000 8672 0 0 0 0 0 
20 40 100 113 4.34 10000 272 0 0 0 0 0 
21 60 100 221 8.47 10000 2867 0 0 1.87 0 0 
22 60 100 187 8.72 10000 4345 0 0 0.83 0 0 
23 60 100 201 9.01 10000 1268 0 0 0 0 0 
24 60 100 202 8.43 10000 773 0 0 0 0 0 
25 60 100 179 8.42 10000 867 0 0 0 0 0 
26 60 100 182 8.25 10000 170 0 0 0 0 0 
27 60 100 164 8.07 10000 88 0 0 0 0 0 
28 60 100 209 8.39 10000 1298 0 0 0 0 0 
29 60 100 188 8.52 10000 7728 0 0 0 0 0 
30 60 100 239 9.06 10000 1717 0 0 0 0 0 
31 80 100 248 13.68 10000 336 0 0 0.85 0 0 
32 80 100 260 14.3 10000 809 0 0 0.43 0 0 
33 80 100 253 14.03 10000 810 0 0 0 0 0 
34 80 100 267 13.86 10000 1505 0 0 0 0 0 
35 80 100 256 14.25 10000 634 0 0 0 0 0 
36 80 100 281 13.72 10000 2475 0 0 0 0 0 
37 80 100 297 14.62 10000 2680 0 0 0 0 0 
38 80 100 294 14.15 10000 1792 0 0 0 0 0 
39 80 100 305 14.18 10000 47 0 0 0 0 0 
40 80 100 264 13.96 10000 7971 0 0 0 0 0 
41 100 100 293 20.34 10000 1739 0 0 0.73 0 0 
42 100 100 339 20.37 10000 361 0 0 0 0 0 
43 100 100 288 19.84 10000 3958 0 0 0.37 0 0 
44 100 100 310 20.31 10000 4945 0 0 0 0 0 
45 100 100 330 20.5 10000 377 0 0 0 0 0 
46 100 100 375 20.8 10000 485 0 0 0 0 0 
47 100 100 299 19.49 10000 7629 0 0 0 0 0 
48 100 100 340 20.42 10000 9301 0 0 0 0 0 
49 100 100 320 20.16 10000 6133 0 0 0 0 0 
50 100 100 379 19.95 10000 4318 0 0 0 0 0 

Mon Oct 10 14:19:02 2005
 inst  m   W   SVC: UB  tm it:all best Tm:1dh 1dv cg  LBh  LBv
1 20 100 73 1.65 10000 522 0 0 7.58 0 0 
2 20 100 44 1.43 10000 9 0 0 0 0 0 
3 20 100 77 1.63 10000 5319 0 0 5.19 0 0 
4 20 100 53 1.53 10000 289 0 0 0 0 0 
5 20 100 61 1.58 10000 17 0 0 0 0 0 
6 20 100 83 1.6 10000 6 0 0 0 0 0 
7 20 100 59 1.48 10000 6 0 0 0 0 0 
8 20 100 55 1.45 10000 5029 0 0 0 0 0 
9 20 100 73 1.62 10000 27 0 0 0 0 0 
10 20 100 80 1.65 10000 21 0 0 0 0 0 
11 40 100 92 3.95 10000 2790 0 0 4.01 0 0 
12 40 100 118 4.03 10000 773 0 0 0 0 0 
13 40 100 151 4.28 10000 234 0 0 0 0 0 
14 40 100 135 4.23 10000 8002 0 0 1.97 0 0 
15 40 100 157 4.2 10000 3037 0 0 0 0 0 
16 40 100 116 4.01 10000 1024 0 0 0 0 0 
17 40 100 119 3.81 10000 9243 0 0 0 0 0 
18 40 100 165 4.17 10000 9527 0 0 0 0 0 
19 40 100 110 4.01 10000 148 0 0 0 0 0 
20 40 100 112 4.17 10000 105 0 0 0 0 0 
21 60 100 222 7.84 10000 1297 0 0 1.82 0 0 
22 60 100 187 7.85 10000 2801 0 0 0.93 0 0 
23 60 100 203 8.05 10000 718 0 0 0 0 0 
24 60 100 202 7.48 10000 1019 0 0 0 0 0 
25 60 100 178 7.71 10000 7164 0 0 0.93 0 0 
26 60 100 182 7.59 10000 584 0 0 0 0 0 
27 60 100 163 7.33 10000 4893 0 0 0 0 0 
28 60 100 208 7.63 10000 7721 0 0 0 0 0 
29 60 100 189 7.77 10000 5547 0 0 0 0 0 
30 60 100 238 8.2 10000 4593 0 0 0 0 0 
31 80 100 247 11.47 10000 1197 0 0 1.23 0 0 
32 80 100 260 11.58 10000 6006 0 0 0.73 0 0 
33 80 100 253 11.64 10000 954 0 0 0 0 0 
34 80 100 267 11.29 10000 1940 0 0 0 0 0 
35 80 100 254 11.93 10000 2386 0 0 0 0 0 
36 80 100 279 11.84 10000 1185 0 0 0 0 0 
37 80 100 297 12.47 10000 2791 0 0 0 0 0 
38 80 100 294 12.09 10000 465 0 0 0 0 0 
39 80 100 304 12.16 10000 6067 0 0 0 0 0 
40 80 100 264 12.1 10000 5260 0 0 0 0 0 
41 100 100 292 16.56 10000 686 0 0 0.78 0 0 
42 100 100 338 16.55 10000 1536 0 0 0.4 0 0 
43 100 100 288 16.77 10000 2044 0 0 0 0 0 
44 100 100 311 16.93 10000 8772 0 0 0.49 0 0 
45 100 100 329 16.68 10000 500 0 0 0 0 0 
46 100 100 374 17.26 10000 1266 0 0 0 0 0 
47 100 100 300 15.56 10000 1105 0 0 0 0 0 
48 100 100 340 17.1 10000 6865 0 0 0 0 0 
49 100 100 320 17.12 10000 703 0 0 0 0 0 
50 100 100 379 16.86 10000 3817 0 0 0 0 0 

Mon Oct 10 18:35:52 2005
 inst  m   W   SVC: UB  tm it:all best Tm:1dh 1dv cg  LBh  LBv
1 20 100 74 1.16 10000 367 0 0 10.18 0 0 
2 20 100 44 1.02 10000 236 0 0 0 0 0 
3 20 100 76 1.15 10000 2109 0 0 6.36 0 0 
4 20 100 52 1.11 10000 5016 0 0 6.97 0 0 
5 20 100 61 1.15 10000 300 0 0 0 0 0 
6 20 100 82 1.09 10000 174 0 0 0 0 0 
7 20 100 58 1.06 10000 525 0 0 0 0 0 
8 20 100 55 1.06 10000 1437 0 0 0 0 0 
9 20 100 72 1.13 10000 28 0 0 0 0 0 
10 20 100 79 1.16 10000 5176 0 0 0 0 0 
11 40 100 94 2.62 10000 177 0 0 3.95 0 0 
12 40 100 118 2.66 10000 2614 0 0 2.93 0 0 
13 40 100 152 2.82 10000 1802 0 0 0 0 0 
14 40 100 136 2.81 10000 3863 0 0 0 0 0 
15 40 100 156 2.73 10000 98 0 0 0 0 0 
16 40 100 116 2.75 10000 7710 0 0 0 0 0 
17 40 100 120 2.5 10000 158 0 0 0 0 0 
18 40 100 165 2.62 10000 5659 0 0 0 0 0 
19 40 100 112 2.52 10000 936 0 0 0 0 0 
20 40 100 111 2.76 10000 2636 0 0 0 0 0 
21 60 100 223 4.54 10000 3013 0 0 3.52 0 0 
22 60 100 187 4.76 10000 264 0 0 0 0 0 
23 60 100 203 4.92 10000 5548 0 0 1.57 0 0 
24 60 100 203 4.64 10000 513 0 0 0 0 0 
25 60 100 179 4.83 10000 3109 0 0 0 0 0 
26 60 100 182 4.47 10000 5343 0 0 0 0 0 
27 60 100 163 4.62 10000 2962 0 0 0 0 0 
28 60 100 211 4.81 10000 881 0 0 0 0 0 
29 60 100 190 4.72 10000 6350 0 0 0 0 0 
30 60 100 241 4.84 10000 585 0 0 0 0 0 
31 80 100 248 6.86 10000 5750 0 0 2.52 0 0 
32 80 100 260 6.95 10000 8553 0 0 1.14 0 0 
33 80 100 255 6.76 10000 1292 0 0 0 0 0 
34 80 100 268 6.86 10000 2379 0 0 0 0 0 
35 80 100 256 7.11 10000 4860 0 0 0 0 0 
36 80 100 281 7.02 10000 8883 0 0 0 0 0 
37 80 100 297 7.44 10000 532 0 0 0 0 0 
38 80 100 295 7.2 10000 3060 0 0 0 0 0 
39 80 100 306 7.16 10000 1007 0 0 0 0 0 
40 80 100 265 7.07 10000 2530 0 0 0 0 0 
41 100 100 294 9.46 10000 2814 0 0 1.67 0 0 
42 100 100 340 9.7 10000 1627 0 0 0 0 0 
43 100 100 289 9.69 10000 125 0 0 0 0 0 
44 100 100 311 9.81 10000 248 0 0 0 0 0 
45 100 100 330 9.77 10000 2115 0 0 0 0 0 
46 100 100 375 10.15 10000 4317 0 0 0 0 0 
47 100 100 301 9.46 10000 6787 0 0 0 0 0 
48 100 100 341 10.18 10000 85 0 0 0 0 0 
49 100 100 322 9.63 10000 187 0 0 0 0 0 
50 100 100 379 9.65 10000 6169 0 0 0 0 0 

Tue Oct 11 12:51:32 2005
 inst  m   W   SVC: UB  tm it:all best Tm:1dh 1dv cg  LBh  LBv
1 20 100 72 0.69 10000 2647 0 0 22.84 0 0 
2 20 100 44 0.73 10000 276 0 0 0 0 0 
3 20 100 76 0.7 10000 434 0 0 0 0 0 
4 20 100 53 0.77 10000 9895 0 0 11.4 0 0 
5 20 100 60 0.8 10000 31 0 0 0 0 0 
6 20 100 82 0.73 10000 1769 0 0 0 0 0 
7 20 100 58 0.71 10000 578 0 0 0 0 0 
8 20 100 55 0.67 10000 1108 0 0 0 0 0 
9 20 100 71 0.69 10000 5016 0 0 0 0 0 
10 20 100 79 0.72 10000 458 0 0 0 0 0 
11 40 100 93 1.47 10000 1985 0 0 10.33 0 0 
12 40 100 118 1.51 10000 3140 0 0 4.67 0 0 
13 40 100 150 1.48 10000 7249 0 0 5.17 0 0 
14 40 100 137 1.43 10000 304 0 0 0 0 0 
15 40 100 155 1.5 10000 737 0 0 0 0 0 
16 40 100 115 1.44 10000 3518 0 0 0 0 0 
17 40 100 120 1.57 10000 296 0 0 0 0 0 
18 40 100 165 1.38 10000 2445 0 0 0 0 0 
19 40 100 112 1.52 10000 3891 0 0 0 0 0 
20 40 100 112 1.59 10000 3280 0 0 0 0 0 
21 60 100 222 2.21 10000 782 0 0 6.02 0 0 
22 60 100 187 2.32 10000 9598 0 0 3.91 0 0 
23 60 100 203 2.21 10000 2986 0 0 0 0 0 
24 60 100 202 2.22 10000 2768 0 0 0 0 0 
25 60 100 179 2.47 10000 3449 0 0 0 0 0 
26 60 100 183 2.26 10000 587 0 0 0 0 0 
27 60 100 163 2.27 10000 5087 0 0 0 0 0 
28 60 100 211 2.31 10000 7006 0 0 0 0 0 
29 60 100 190 2.26 10000 7294 0 0 0 0 0 
30 60 100 242 2.15 10000 1584 0 0 0 0 0 
31 80 100 249 3.2 10000 8061 0 0 5.62 0 0 
32 80 100 263 3 10000 5381 0 0 0 0 0 
33 80 100 255 3.06 10000 773 0 0 0 0 0 
34 80 100 268 3.09 10000 879 0 0 0 0 0 
35 80 100 257 3.25 10000 9526 0 0 0 0 0 
36 80 100 283 3.23 10000 388 0 0 0 0 0 
37 80 100 300 3.13 10000 1853 0 0 0 0 0 
38 80 100 297 3.05 10000 1705 0 0 0 0 0 
39 80 100 306 3.07 10000 659 0 0 0 0 0 
40 80 100 265 3.21 10000 1131 0 0 0 0 0 
41 100 100 296 4.32 10000 1832 0 0 3.47 0 0 
42 100 100 342 4.13 10000 989 0 0 0 0 0 
43 100 100 289 4.26 10000 7341 0 0 1.97 0 0 
44 100 100 313 4.21 10000 1150 0 0 0 0 0 
45 100 100 331 4.14 10000 1749 0 0 0 0 0 
46 100 100 378 4.08 10000 9058 0 0 0 0 0 
47 100 100 301 3.98 10000 2154 0 0 0 0 0 
48 100 100 340 4.11 10000 7112 0 0 0 0 0 
49 100 100 321 4.14 10000 7478 0 0 0 0 0 
50 100 100 380 4.08 10000 1340 0 0 0 0 0 

Fri Oct 21 16:49:05 2005
 inst  m   W   SVC: UB  tm it:all best Tm:1dh 1dv cg  LBh  LBv
1 20 100 73 1.38 10000 92 0 4.53634e-316 1.17709e-312 -1.07375e+09 0 
2 20 100 44 1.18 10000 51 0 4.53634e-316 1.17709e-312 -1.07375e+09 0 
3 20 100 76 1.39 10000 54 0 4.53634e-316 1.17709e-312 -1.07375e+09 0 
4 20 100 54 1.26 10000 50 0 4.53634e-316 1.17709e-312 -1.07375e+09 0 
5 20 100 60 1.32 10000 5004 0 4.53634e-316 1.17709e-312 -1.07375e+09 0 
6 20 100 81 1.36 10000 10 0 4.53634e-316 1.17709e-312 -1.07375e+09 0 
7 20 100 59 1.25 10000 3 0 4.53634e-316 1.17709e-312 -1.07375e+09 0 
8 20 100 55 1.34 10000 101 0 4.53634e-316 1.17709e-312 -1.07375e+09 0 

Fri Oct 21 17:22:20 2005
 inst  m   W   SVC: UB  tm it:all best Tm:1dh 1dv cg  LBh  LBv
1 20 100 73 1.41 10000 92 0 4.53634e-316 1.17709e-312 -1.07375e+09 0 
2 20 100 44 1.13 10000 51 0 4.53634e-316 1.17709e-312 -1.07375e+09 0 
3 20 100 76 1.3 10000 54 0 4.53634e-316 1.17709e-312 -1.07375e+09 0 
4 20 100 54 1.23 10000 50 0 4.53634e-316 1.17709e-312 -1.07375e+09 0 
5 20 100 60 1.3 10000 5004 0 4.53634e-316 1.17709e-312 -1.07375e+09 0 
6 20 100 81 1.29 10000 10 0 4.53634e-316 1.17709e-312 -1.07375e+09 0 
7 20 100 59 1.19 10000 3 0 4.53634e-316 1.17709e-312 -1.07375e+09 0 
8 20 100 55 1.31 10000 101 0 4.53634e-316 1.17709e-312 -1.07375e+09 0 
9 20 100 73 1.4 10000 12 0 4.53634e-316 1.17709e-312 -1.07375e+09 0 
10 20 100 80 1.36 10000 20 0 4.53634e-316 1.17709e-312 -1.07375e+09 0 
11 40 100 93 3.28 10000 44 0 4.53634e-316 1.17709e-312 -1.07375e+09 0 
12 40 100 118 3.46 10000 93 0 4.53634e-316 1.17709e-312 -1.07375e+09 0 
13 40 100 150 3.82 10000 559 0 4.53634e-316 1.17709e-312 -1.07375e+09 0 
14 40 100 137 3.65 10000 749 0 4.53634e-316 1.17709e-312 -1.07375e+09 0 
15 40 100 157 3.63 10000 52 0 4.53634e-316 1.17709e-312 -1.07375e+09 0 
16 40 100 114 3.36 10000 1563 0 4.53634e-316 1.17709e-312 -1.07375e+09 0 
17 40 100 120 3.39 10000 2475 0 4.53634e-316 1.17709e-312 -1.07375e+09 0 
18 40 100 165 3.56 10000 5210 0 4.53634e-316 1.17709e-312 -1.07375e+09 0 
19 40 100 112 3.49 10000 30 0 4.53634e-316 1.17709e-312 -1.07375e+09 0 
20 40 100 113 3.5 10000 892 0 4.53634e-316 1.17709e-312 -1.07375e+09 0 
21 60 100 221 6.81 10000 7261 0 4.53634e-316 1.17709e-312 -1.07375e+09 0 
22 60 100 187 6.79 10000 710 0 4.53634e-316 1.17709e-312 -1.07375e+09 0 
23 60 100 202 6.98 10000 2035 0 4.53634e-316 1.17709e-312 -1.07375e+09 0 
24 60 100 200 6.56 10000 1534 0 4.53634e-316 1.17709e-312 -1.07375e+09 0 
25 60 100 180 6.5 10000 1389 0 4.53634e-316 1.17709e-312 -1.07375e+09 0 
26 60 100 181 6.43 10000 3174 0 4.53634e-316 1.17709e-312 -1.07375e+09 0 
27 60 100 163 6.28 10000 15 0 4.53634e-316 1.17709e-312 -1.07375e+09 0 
28 60 100 208 6.66 10000 4688 0 4.53634e-316 1.17709e-312 -1.07375e+09 0 
29 60 100 189 6.7 10000 1717 0 4.53634e-316 1.17709e-312 -1.07375e+09 0 
30 60 100 239 7.06 10000 1138 0 4.53634e-316 1.17709e-312 -1.07375e+09 0 
31 80 100 247 10.11 10000 973 0 4.53634e-316 1.17709e-312 -1.07375e+09 0 
32 80 100 260 10.16 10000 234 0 4.53634e-316 1.17709e-312 -1.07375e+09 0 
33 80 100 253 10.31 10000 361 0 4.53634e-316 1.17709e-312 -1.07375e+09 0 
34 80 100 266 9.97 10000 1338 0 4.53634e-316 1.17709e-312 -1.07375e+09 0 
35 80 100 256 10.56 10000 897 0 4.53634e-316 1.17709e-312 -1.07375e+09 0 
36 80 100 280 10.43 10000 2436 0 4.53634e-316 1.17709e-312 -1.07375e+09 0 
37 80 100 297 10.98 10000 6267 0 4.53634e-316 1.17709e-312 -1.07375e+09 0 
38 80 100 293 10.7 10000 1665 0 4.53634e-316 1.17709e-312 -1.07375e+09 0 
39 80 100 304 10.7 10000 4798 0 4.53634e-316 1.17709e-312 -1.07375e+09 0 
40 80 100 265 10.58 10000 1515 0 4.53634e-316 1.17709e-312 -1.07375e+09 0 
41 100 100 293 14.57 10000 476 0 4.53634e-316 1.17709e-312 -1.07375e+09 0 
42 100 100 339 14.61 10000 7207 0 4.53634e-316 1.17709e-312 -1.07375e+09 0 
43 100 100 287 14.8 10000 1120 0 4.53634e-316 1.17709e-312 -1.07375e+09 0 
44 100 100 311 15.09 10000 3665 0 4.53634e-316 1.17709e-312 -1.07375e+09 0 
45 100 100 329 14.81 10000 833 0 4.53634e-316 1.17709e-312 -1.07375e+09 0 
46 100 100 375 15.39 10000 556 0 4.53634e-316 1.17709e-312 -1.07375e+09 0 
47 100 100 300 13.74 10000 442 0 4.53634e-316 1.17709e-312 -1.07375e+09 0 
48 100 100 340 15.51 10000 834 0 4.53634e-316 1.17709e-312 -1.07375e+09 0 
49 100 100 320 14.99 10000 1705 0 4.53634e-316 1.17709e-312 -1.07375e+09 0 
50 100 100 377 14.9 10000 1315 0 4.53634e-316 1.17709e-312 -1.07375e+09 0 

Sun Oct 23 19:29:11 2005
 inst  m   W   SVC: UB  tm it:all best Tm:1dh 1dv cg  LBh  LBv

Sun Oct 23 19:29:46 2005
 inst  m   W   SVC: UB  tm it:all best Tm:1dh 1dv cg  LBh  LBv

Sun Oct 23 19:32:43 2005
 inst  m   W   SVC: UB  tm it:all best Tm:1dh 1dv cg  LBh  LBv

Sun Oct 23 19:34:12 2005
 inst  m   W   SVC: UB  tm it:all best Tm:1dh 1dv cg  LBh  LBv

Sun Oct 23 19:36:37 2005
 inst  m   W   SVC: UB  tm it:all best Tm:1dh 1dv cg  LBh  LBv

Sun Oct 23 19:38:43 2005
 inst  m   W   SVC: UB  tm it:all best Tm:1dh 1dv cg  LBh  LBv

Sun Oct 23 19:47:18 2005
 inst  m   W   SVC: UB  tm it:all best Tm:1dh 1dv cg  LBh  LBv

Mon Oct 24 10:39:15 2005
 inst  m   W   SVC: UB  tm it:all best Tm:1dh 1dv cg  LBh  LBv
1 20 100 73 1.29 10000 9521 
2 20 100 44 1.05 10000 37 
3 20 100 75 1.28 10000 1550 
4 20 100 54 1.12 10000 138 
5 20 100 60 1.21 10000 4919 
6 20 100 80 1.18 10000 6237 
7 20 100 59 1.15 10000 3 
8 20 100 55 1.22 10000 360 
9 20 100 72 1.27 10000 3048 
10 20 100 80 1.24 10000 9015 
11 40 100 92 3.19 10000 9298 
12 40 100 117 3.35 10000 2361 
13 40 100 150 3.67 10000 4620 
14 40 100 135 3.59 10000 5519 
15 40 100 156 3.49 10000 644 
16 40 100 115 3.31 10000 29 
17 40 100 120 3.21 10000 2200 
18 40 100 166 3.45 10000 1942 
19 40 100 112 3.31 10000 188 
20 40 100 112 3.4 10000 7915 
21 60 100 221 6.73 10000 8230 
22 60 100 187 6.78 10000 1139 
23 60 100 202 7.12 10000 3302 
24 60 100 202 6.54 10000 52 
25 60 100 179 6.51 10000 4108 
26 60 100 182 6.51 10000 2921 
27 60 100 163 6.25 10000 932 
28 60 100 209 6.79 10000 2998 
29 60 100 189 6.65 10000 1571 
30 60 100 239 7.19 10000 3168 
31 80 100 247 10.19 10000 2716 
32 80 100 259 10.68 10000 5491 
33 80 100 254 10.26 10000 2104 
34 80 100 267 10.13 10000 608 
35 80 100 255 10.96 10000 119 
36 80 100 280 10.72 10000 1437 
37 80 100 297 11.21 10000 9205 
38 80 100 294 11.08 10000 3331 
39 80 100 303 10.74 10000 2313 
40 80 100 264 10.61 10000 486 
41 100 100 293 14.7 10000 864 
42 100 100 338 15.12 10000 7406 
43 100 100 287 14.96 10000 5175 
44 100 100 310 15.35 10000 8467 
45 100 100 330 15.33 10000 30 
46 100 100 375 15.99 10000 356 
47 100 100 300 14.07 10000 19 
48 100 100 339 15.55 10000 4940 
49 100 100 320 14.95 10000 206 
50 100 100 376 15.19 10000 7776 

Mon Oct 24 12:32:51 2005
 inst  m   W   SVC: UB  tm it:all best Tm:1dh 1dv cg  LBh  LBv
1 20 100 73 1.38 10000 1542 
2 20 100 44 1.07 10000 37 
3 20 100 75 1.23 10000 6049 
4 20 100 54 1.16 10000 48 
5 20 100 60 1.21 10000 2870 
6 20 100 80 1.23 10000 2085 
7 20 100 59 1.1 10000 3 
8 20 100 54 1.22 10000 1880 
9 20 100 72 1.35 10000 1564 
10 20 100 79 1.29 10000 4769 
11 40 100 93 3.19 10000 156 
12 40 100 118 3.27 10000 1961 
13 40 100 151 3.61 10000 1356 
14 40 100 135 3.65 10000 7975 
15 40 100 156 3.5 10000 814 
16 40 100 116 3.31 10000 4734 
17 40 100 119 3.22 10000 4772 
18 40 100 165 3.43 10000 4795 
19 40 100 111 3.25 10000 1117 
20 40 100 113 3.51 10000 1480 
21 60 100 221 6.78 10000 342 
22 60 100 187 6.81 10000 3767 
23 60 100 202 7.09 10000 460 
24 60 100 201 6.48 10000 5286 
25 60 100 178 6.6 10000 1761 
26 60 100 182 6.49 10000 570 
27 60 100 163 6.34 10000 1599 
28 60 100 209 6.66 10000 487 
29 60 100 189 6.59 10000 3457 
30 60 100 239 7.19 10000 305 
31 80 100 247 10.21 10000 1344 
32 80 100 259 10.71 10000 7975 
33 80 100 253 10.46 10000 2346 
34 80 100 266 10.06 10000 7060 
35 80 100 255 10.58 10000 3130 
36 80 100 280 10.58 10000 7001 
37 80 100 297 10.99 10000 2315 
38 80 100 294 11.04 10000 2623 
39 80 100 303 10.73 10000 9428 
40 80 100 264 10.66 10000 37 
41 100 100 292 14.69 10000 8290 
42 100 100 338 15.17 10000 2940 
43 100 100 287 15.05 10000 535 
44 100 100 311 15.7 10000 1907 
45 100 100 329 15.31 10000 1888 
46 100 100 374 16.13 10000 1045 
47 100 100 299 14.29 10000 323 
48 100 100 340 15.57 10000 4329 
49 100 100 320 15.31 10000 2102 
50 100 100 378 15.26 10000 5094 

Mon Oct 24 14:39:10 2005
 inst  m   W   SVC: UB  tm it:all best Tm:1dh 1dv cg  LBh  LBv
1 20 100 74 1.37 10000 10 
2 20 100 44 1.15 10000 59 
3 20 100 75 1.34 10000 30 
4 20 100 52 1.21 10000 5892 
5 20 100 60 1.18 10000 784 
6 20 100 81 1.21 10000 700 
7 20 100 59 1.11 10000 3 
8 20 100 55 1.23 10000 534 
9 20 100 72 1.32 10000 1370 
10 20 100 80 1.3 10000 7 
11 40 100 92 3.35 10000 79 
12 40 100 118 3.35 10000 8503 
13 40 100 150 3.7 10000 2426 
14 40 100 135 3.76 10000 5764 
15 40 100 156 3.68 10000 1803 
16 40 100 115 3.33 10000 8446 
17 40 100 119 3.46 10000 6028 
18 40 100 165 3.57 10000 89 
19 40 100 111 3.47 10000 928 
20 40 100 112 3.52 10000 2691 
21 60 100 221 7.08 10000 2247 
22 60 100 187 6.66 10000 1311 
23 60 100 202 7.05 10000 5985 
24 60 100 201 6.55 10000 3659 
25 60 100 179 6.76 10000 182 
26 60 100 181 6.67 10000 863 
27 60 100 163 6.32 10000 595 
28 60 100 208 6.75 10000 9025 
29 60 100 189 6.74 10000 2124 
30 60 100 238 7.28 10000 9531 
31 80 100 247 10.29 10000 343 
32 80 100 260 10.54 10000 1746 
33 80 100 253 10.59 10000 2224 
34 80 100 266 10.24 10000 1390 
35 80 100 255 11.16 10000 7366 
36 80 100 280 10.91 10000 7967 
37 80 100 296 11.56 10000 9734 
38 80 100 294 11.16 10000 531 
39 80 100 304 11.33 10000 5270 
40 80 100 264 11.03 10000 302 
41 100 100 292 15.29 10000 2651 
42 100 100 338 15.16 10000 6105 
43 100 100 287 15.83 10000 3503 
44 100 100 310 16.18 10000 955 
45 100 100 329 16.07 10000 264 
46 100 100 374 16.89 10000 2461 
47 100 100 300 14.68 10000 207 
48 100 100 339 16.41 10000 3657 
49 100 100 320 15.9 10000 2466 
50 100 100 378 15.65 10000 603 

Fri Oct 28 01:08:19 2005
inst  m   W   SVC: UB  it_best/all tm_best/all gap%  TmRow: 5 30 300 3600 inf
1 20 100 72 38368 587691 7.95 120 4.3 73 72 72 72 72 72 
2 20 100 44 6 673991 0 120 4.7 44 44 44 44 44 44 
3 20 100 75 140022 601555 27.8 120 5.6 76 75 75 75 75 75 
4 20 100 52 10324 650559 1.96 120 4 52 52 52 52 52 52 
5 20 100 59 111090 650431 20.3 120 5.3 60 59 59 59 59 59 
6 20 100 80 278 621676 0.05 120 3.8 80 80 80 80 80 80 
7 20 100 58 20019 673551 3.62 120 5.4 58 58 58 58 58 58 
8 20 100 54 1280 639599 0.26 120 3.8 54 54 54 54 54 54 
9 20 100 71 40533 574644 8.18 120 4.4 72 71 71 71 71 71 
10 20 100 79 770 590986 0.17 120 6.7 79 79 79 79 79 79 
11 40 100 92 49 231613 0.02 120 2.2 92 92 92 92 92 92 
12 40 100 117 11889 222665 6.28 120 2.6 118 117 117 117 117 117 
13 40 100 149 38138 206413 22 120 2 150 149 149 149 149 149 
14 40 100 135 10477 204737 6.25 120 2.2 136 135 135 135 135 135 
15 40 100 155 130658 210011 74.1 120 1.9 156 156 155 155 155 155 
16 40 100 115 6214 230527 3.13 120 2.6 115 115 115 115 115 115 
17 40 100 119 536 230582 0.23 120 1.7 119 119 119 119 119 119 
18 40 100 164 40679 214362 22.9 120 2.5 165 164 164 164 164 164 
19 40 100 110 188841 219767 103 120 1.8 111 111 110 110 110 110 
20 40 100 111 1645 213800 0.91 120 2.7 111 111 111 111 111 111 
21 60 100 220 10935 110044 12 120 1.8 221 220 220 220 220 220 
22 60 100 186 38553 113146 40.7 120 1.6 187 187 186 186 186 186 
23 60 100 200 76689 109647 84.3 120 1.5 202 201 200 200 200 200 
24 60 100 200 30728 117516 31.5 120 1.5 201 201 200 200 200 200 
25 60 100 178 108575 111340 117 120 1.7 179 179 178 178 178 178 
26 60 100 181 1610 112726 1.63 120 1.6 181 181 181 181 181 181 
27 60 100 162 44264 120569 44 120 1.2 163 163 162 162 162 162 
28 60 100 208 71037 112898 75.5 120 1.4 209 209 208 208 208 208 
29 60 100 188 28151 113035 29.8 120 1 189 188 188 188 188 188 
30 60 100 237 32992 104436 37.8 120 1.7 239 238 237 237 237 237 
31 80 100 246 26617 74680 43 120 1.2 247 247 246 246 246 246 
32 80 100 260 12296 74441 20 120 1.9 261 260 260 260 260 260 
33 80 100 253 2443 74881 3.86 120 1.6 253 253 253 253 253 253 
34 80 100 266 8155 76119 13.2 120 1.5 268 266 266 266 266 266 
35 80 100 254 13246 69486 22.7 120 1.5 255 254 254 254 254 254 
36 80 100 279 31847 73602 51.9 120 1.4 280 280 279 279 279 279 
37 80 100 296 3367 68393 5.95 120 1.7 297 296 296 296 296 296 
38 80 100 294 3343 72194 5.54 120 1.7 295 294 294 294 294 294 
39 80 100 303 472 66221 0.76 120 1.6 303 303 303 303 303 303 
40 80 100 263 25763 67821 45.4 120 1.1 264 264 263 263 263 263 
41 100 100 292 5458 50300 12.8 120 1.3 293 292 292 292 292 292 
42 100 100 339 14874 52252 34 120 1.8 340 340 339 339 339 339 
43 100 100 286 26532 49113 64.9 120 1 288 287 286 286 286 286 
44 100 100 309 25733 47956 64.2 120 0.9 310 310 309 309 309 309 
45 100 100 329 1132 49215 2.91 120 1.5 329 329 329 329 329 329 
46 100 100 374 10814 48549 26.7 120 1.6 375 374 374 374 374 374 
47 100 100 299 6024 54071 13.3 120 1.3 300 299 299 299 299 299 
48 100 100 338 29288 47071 75.4 120 0.8 340 339 338 338 338 338 
49 100 100 319 18079 48793 44.3 120 0.9 320 320 319 319 319 319 
50 100 100 377 27123 50478 64.3 120 1.3 379 379 377 377 377 377 

Fri Nov  4 01:03:05 2005
inst  m   W   SVC: UB  it_best/all tm_best/all gap%  TmRow: 5 30 300 3600 36000 inf
1 20 100 72 278 1416570 0.06 300 4.3 72 72 72 72 72 72 
2 20 100 44 1 1700849 0 301 4.7 44 44 44 44 44 44 
3 20 100 74 80441 1558692 15.6 301 4.2 75 74 74 74 74 74 
4 20 100 52 135804 1642328 24.8 301 4 53 52 52 52 52 52 
5 20 100 58 430061 1677143 76.9 301 3.5 60 59 58 58 58 58 
6 20 100 79 290122 1624562 53.5 300 2.5 80 80 79 79 79 79 
7 20 100 57 39 1724043 0 301 3.6 57 57 57 57 57 57 
8 20 100 53 60979 1597632 11.4 301 1.9 54 53 53 53 53 53 
9 20 100 69 690336 1458016 142 301 1.4 70 70 69 69 69 69 
10 20 100 77 31330 1452220 6.57 301 4 78 77 77 77 77 77 
11 40 100 91 71724 648448 33.2 300 1.1 92 92 91 91 91 91 
12 40 100 116 502460 627123 242 301 1.7 117 117 116 116 116 116 
13 40 100 148 8927 581251 4.61 300 1.3 148 148 148 148 148 148 
14 40 100 134 131401 591933 67.4 301 1.5 135 135 134 134 134 134 
15 40 100 154 74100 578437 38.7 301 1.3 155 155 154 154 154 154 
16 40 100 114 12010 642598 5.63 301 1.7 115 114 114 114 114 114 
17 40 100 118 54265 652591 25.1 300 0.8 119 118 118 118 118 118 
18 40 100 162 4243 603089 2.14 301 1.2 162 162 162 162 162 162 
19 40 100 109 284023 612730 139 301 0.9 111 110 109 109 109 109 
20 40 100 110 32697 610731 16.1 301 1.8 111 110 110 110 110 110 
21 60 100 219 81573 340858 73.2 301 1.3 220 220 219 219 219 219 
22 60 100 185 18466 343794 16.3 301 1 186 185 185 185 185 185 
23 60 100 200 2457 342250 2.15 301 1.5 200 200 200 200 200 200 
24 60 100 199 112804 355882 95.9 301 1 200 200 199 199 199 199 
25 60 100 177 20864 342746 18.4 300 1.1 178 177 177 177 177 177 
26 60 100 180 1634 341605 1.42 301 1.1 180 180 180 180 180 180 
27 60 100 162 1086 359275 0.92 301 1.2 162 162 162 162 162 162 
28 60 100 207 321409 344771 280 300 0.9 209 208 207 207 207 207 
29 60 100 188 2407 352053 2.05 300 1 188 188 188 188 188 188 
30 60 100 237 23192 322152 21.9 301 1.7 238 237 237 237 237 237 
31 80 100 246 3831 238283 4.89 301 1.2 246 246 246 246 246 246 
32 80 100 258 4876 239945 6.01 301 1.1 259 258 258 258 258 258 
33 80 100 251 141115 237823 178 301 0.8 252 252 251 251 251 251 
34 80 100 265 1601 241200 2 301 1.1 265 265 265 265 265 265 
35 80 100 253 34874 225254 46.5 301 1.2 254 254 253 253 253 253 
36 80 100 278 142019 239372 178 301 1 280 279 278 278 278 278 
37 80 100 295 2287 223589 3.05 301 1.3 295 295 295 295 295 295 
38 80 100 292 48815 238325 62.7 301 1 293 293 292 292 292 292 
39 80 100 301 22598 220654 31 300 1 302 302 301 301 301 301 
40 80 100 263 4090 223868 5.53 301 1.1 264 263 263 263 263 263 
41 100 100 291 4891 172176 8.57 301 1 292 291 291 291 291 291 
42 100 100 336 31834 176740 54.1 300 0.9 338 337 336 336 336 336 
43 100 100 285 66033 169498 117 301 0.7 286 286 285 285 285 285 
44 100 100 309 5882 167376 10.7 301 0.9 310 309 309 309 309 309 
45 100 100 327 66285 173289 116 301 0.9 328 328 327 327 327 327 
46 100 100 373 3624 170245 6.27 301 1.3 374 373 373 373 373 373 
47 100 100 298 4016 180924 6.67 301 1 299 298 298 298 298 298 
48 100 100 337 58956 165008 107 301 0.5 339 338 337 337 337 337 
49 100 100 318 50928 173133 88.4 301 0.6 319 319 318 318 318 318 
50 100 100 376 6784 171385 12 301 1 377 376 376 376 376 376 

Sat Nov  5 02:21:31 2005
inst  m   W   SVC: UB  it_best/all tm_best/all gap%  TmRow: 5 30 300 3600 36000 inf
1 20 100 72 313 2358821 0.05 500 4.3 72 72 72 72 72 72 
2 20 100 44 1 2833730 0 501 4.7 44 44 44 44 44 44 
3 20 100 74 3064 2570584 0.6 501 4.2 74 74 74 74 74 74 
4 20 100 52 51719 2725564 9.54 500 4 54 52 52 52 52 52 
5 20 100 58 410506 2760388 74.6 501 3.5 59 59 58 58 58 58 
6 20 100 79 917453 2632827 174 501 2.5 80 80 79 79 79 79 
7 20 100 57 45 2770543 0.01 502 3.6 57 57 57 57 57 57 
8 20 100 53 761652 2573035 148 500 1.9 54 54 53 53 53 53 
9 20 100 69 531282 2383363 111 502 1.4 70 70 69 69 69 69 
10 20 100 77 42141 2394932 8.86 501 4 78 77 77 77 77 77 
11 40 100 91 40774 1056178 19.2 501 1.1 92 91 91 91 91 91 
12 40 100 116 200382 1022733 97.6 500 1.7 117 117 116 116 116 116 
13 40 100 148 96982 943571 51.8 500 1.3 149 149 148 148 148 148 
14 40 100 134 740161 959727 386 501 1.5 135 135 135 134 134 134 
15 40 100 154 140147 958746 73.7 501 1.3 155 155 154 154 154 154 
16 40 100 114 51416 1050409 24.5 502 1.7 115 114 114 114 114 114 
17 40 100 118 33610 1073253 15.8 501 0.8 119 118 118 118 118 118 
18 40 100 162 12284 982038 6.13 501 1.2 163 162 162 162 162 162 
19 40 100 109 994580 1020785 488 501 0.9 110 110 110 109 109 109 
20 40 100 110 205464 998705 103 501 1.8 111 111 110 110 110 110 
21 60 100 219 9861 551532 9 502 1.3 220 219 219 219 219 219 
22 60 100 185 33995 559822 30.5 502 1 186 186 185 185 185 185 
23 60 100 200 19204 552910 17.3 501 1.5 201 200 200 200 200 200 
24 60 100 199 27740 583100 24 501 1 200 199 199 199 199 199 
25 60 100 177 186318 567867 165 500 1.1 178 178 177 177 177 177 
26 60 100 180 6276 568691 5.49 501 1.1 181 180 180 180 180 180 
27 60 100 162 5080 593508 4.28 500 1.2 162 162 162 162 162 162 
28 60 100 207 28109 571626 24.5 500 0.9 208 207 207 207 207 207 
29 60 100 188 1326 569958 1.13 501 1 188 188 188 188 188 188 
30 60 100 237 4770 524213 4.46 500 1.7 237 237 237 237 237 237 
31 80 100 246 3603 388558 4.72 501 1.2 246 246 246 246 246 246 
32 80 100 258 48403 390652 62.1 501 1.1 260 259 258 258 258 258 
33 80 100 251 30231 388282 38.9 501 0.8 253 252 251 251 251 251 
34 80 100 264 107664 389680 139 501 0.7 266 265 264 264 264 264 
35 80 100 253 820 366934 1.09 501 1.2 253 253 253 253 253 253 
36 80 100 278 72276 393149 92.3 501 1 280 279 278 278 278 278 
37 80 100 294 11518 364766 16 501 1 296 294 294 294 294 294 
38 80 100 292 36556 386476 47.1 501 1 293 293 292 292 292 292 
39 80 100 301 91524 365824 125 501 1 302 302 301 301 301 301 
40 80 100 263 2069 371038 2.71 500 1.1 263 263 263 263 263 263 
41 100 100 291 3571 284773 6.27 500 1 292 291 291 291 291 291 
42 100 100 336 195447 291971 335 501 0.9 337 337 337 336 336 336 
43 100 100 285 1779 279095 3.12 501 0.7 285 285 285 285 285 285 
44 100 100 308 242808 271718 448 501 0.6 310 309 309 308 308 308 
45 100 100 327 113042 281079 201 501 0.9 328 328 327 327 327 327 
46 100 100 372 10912 275435 19.8 501 1 373 372 372 372 372 372 
47 100 100 298 8207 298904 13.6 501 1 299 298 298 298 298 298 
48 100 100 337 213931 273014 393 501 0.5 339 339 338 337 337 337 
49 100 100 318 22623 286129 39.9 501 0.6 319 319 318 318 318 318 
50 100 100 376 130671 284086 230 501 1 377 377 376 376 376 376 

Wed Nov  9 01:40:19 2005
inst  m   W   SVC: UB  it_best/all tm_best/all gap%  TmRow: 5 30 300 3600 36000 inf
1 20 100 72 2569 1401210 0.54 301 4.3 72 72 72 72 72 72 
2 20 100 44 1 1704372 0 301 4.7 44 44 44 44 44 44 
3 20 100 74 113124 1542591 22 300 4.2 75 74 74 74 74 74 
4 20 100 52 703891 1620903 130 300 4 53 53 52 52 52 52 
5 20 100 58 173207 1654243 31 301 3.5 60 60 58 58 58 58 
6 20 100 79 846183 1582221 161 302 2.5 80 80 79 79 79 79 
7 20 100 57 22 1673703 0 300 3.6 57 57 57 57 57 57 
8 20 100 53 330096 1549337 64.1 301 1.9 54 54 53 53 53 53 
9 20 100 70 44664 1420018 9.49 301 2.9 71 70 70 70 70 70 
10 20 100 77 10189 1412583 2.12 301 4 77 77 77 77 77 77 
11 40 100 91 119792 635835 57.4 301 1.1 92 92 91 91 91 91 
12 40 100 116 415695 618275 202 300 1.7 117 117 116 116 116 116 
13 40 100 148 10582 561253 5.6 301 1.3 149 148 148 148 148 148 
14 40 100 134 480150 569314 254 301 1.5 135 135 134 134 134 134 
15 40 100 154 10546 566874 5.59 300 1.3 155 154 154 154 154 154 
16 40 100 114 262089 618956 128 300 1.7 115 115 114 114 114 114 
17 40 100 118 431014 632365 205 301 0.8 119 119 118 118 118 118 
18 40 100 162 32028 577614 16.5 300 1.2 163 162 162 162 162 162 
19 40 100 110 1004 608219 0.5 301 1.8 110 110 110 110 110 110 
20 40 100 110 74630 591108 38.1 301 1.8 111 111 110 110 110 110 
21 60 100 219 6419 330432 5.7 301 1.3 220 219 219 219 219 219 
22 60 100 185 174938 333631 158 301 1 186 186 185 185 185 185 
23 60 100 200 4162 332266 3.79 300 1.5 200 200 200 200 200 200 
24 60 100 199 2604 343576 2.28 300 1 199 199 199 199 199 199 
25 60 100 177 34665 336412 31 301 1.1 178 178 177 177 177 177 
26 60 100 180 2978 334904 2.64 301 1.1 180 180 180 180 180 180 
27 60 100 162 1054 349713 0.88 301 1.2 162 162 162 162 162 162 
28 60 100 207 45658 338683 40.9 301 0.9 208 208 207 207 207 207 
29 60 100 188 484 341376 0.42 300 1 188 188 188 188 188 188 
30 60 100 236 246476 313769 236 301 1.2 238 237 236 236 236 236 
31 80 100 246 1908 234617 2.42 301 1.2 246 246 246 246 246 246 
32 80 100 258 131052 235519 166 300 1.1 260 259 258 258 258 258 
33 80 100 252 4379 230961 5.66 300 1.2 253 252 252 252 252 252 
34 80 100 265 404 232937 0.51 300 1.1 265 265 265 265 265 265 
35 80 100 252 4815 219605 6.52 301 0.7 254 252 252 252 252 252 
36 80 100 278 69056 234953 89.3 301 1 280 279 278 278 278 278 
37 80 100 294 8474 220992 11.5 301 1 295 294 294 294 294 294 
38 80 100 292 2764 231162 3.62 300 1 292 292 292 292 292 292 
39 80 100 301 17698 217648 24.4 301 1 302 301 301 301 301 301 
40 80 100 262 176312 219677 241 301 0.7 263 263 262 262 262 262 
41 100 100 291 14790 168817 26.4 300 1 292 291 291 291 291 291 
42 100 100 337 816 171860 1.4 300 1.2 337 337 337 337 337 337 
43 100 100 285 8294 165494 15.2 301 0.7 286 285 285 285 285 285 
44 100 100 309 1426 161663 2.63 301 0.9 309 309 309 309 309 309 
45 100 100 327 1343 167380 2.4 301 0.9 327 327 327 327 327 327 
46 100 100 372 6029 163722 11 301 1 374 372 372 372 372 372 
47 100 100 297 72156 178412 121 300 0.6 299 298 297 297 297 297 
48 100 100 338 2223 162781 4.12 300 0.8 338 338 338 338 338 338 
49 100 100 318 13737 169184 24.3 301 0.6 319 318 318 318 318 318 
50 100 100 376 12734 167855 22.8 301 1 377 376 376 376 376 376 

Wed Nov  9 19:15:16 2005
inst  m   W   SVC: UB  it_best/all tm_best/all gap%  TmRow: 5 30 300 3600 36000 inf
1 20 100 72 7152 1408716 1.53 301 4.3 72 72 72 72 72 72 
2 20 100 44 1 1694193 0 301 4.7 44 44 44 44 44 44 
3 20 100 74 200781 1521996 39.6 300 4.2 75 75 74 74 74 74 
4 20 100 52 240944 1610420 45.3 301 4 54 53 52 52 52 52 
5 20 100 58 540239 1656849 98.6 301 3.5 60 59 58 58 58 58 
6 20 100 79 50416 1594815 9.37 300 2.5 80 79 79 79 79 79 
7 20 100 57 27 1704816 0 301 3.6 57 57 57 57 57 57 
8 20 100 53 50352 1556972 9.64 300 1.9 54 53 53 53 53 53 
9 20 100 69 490278 1419180 103 301 1.4 70 70 69 69 69 69 
10 20 100 77 50007 1417141 10.7 300 4 78 77 77 77 77 77 
11 40 100 91 169838 632917 81.6 301 1.1 92 92 91 91 91 91 
12 40 100 117 108 613791 0.05 300 2.6 117 117 117 117 117 117 
13 40 100 148 91728 569960 48.7 301 1.3 149 149 148 148 148 148 
14 40 100 135 969 568674 0.5 301 2.2 135 135 135 135 135 135 
15 40 100 154 92092 574141 48.5 301 1.3 155 155 154 154 154 154 
16 40 100 114 30250 628262 14.4 301 1.7 115 114 114 114 114 114 
17 40 100 118 332784 637985 157 301 0.8 119 119 118 118 118 118 
18 40 100 162 28872 589524 14.7 301 1.2 163 162 162 162 162 162 
19 40 100 109 10419 615167 5.1 300 0.9 110 109 109 109 109 109 
20 40 100 110 571037 604181 285 301 1.8 111 111 110 110 110 110 
21 60 100 219 36067 331752 32.6 300 1.3 220 220 219 219 219 219 
22 60 100 185 32525 336211 28.9 301 1 186 185 185 185 185 185 
23 60 100 200 11518 334517 10.5 301 1.5 201 200 200 200 200 200 
24 60 100 199 61250 346358 52.7 301 1 200 200 199 199 199 199 
25 60 100 177 15897 338004 14.2 300 1.1 179 177 177 177 177 177 
26 60 100 180 4301 338811 3.79 301 1.1 180 180 180 180 180 180 
27 60 100 162 1283 353994 1.06 301 1.2 162 162 162 162 162 162 
28 60 100 207 263900 344990 230 301 0.9 208 208 207 207 207 207 
29 60 100 188 814 343583 0.71 301 1 188 188 188 188 188 188 
30 60 100 236 72829 318376 69.1 302 1.2 238 237 236 236 236 236 
31 80 100 245 3743 238167 4.68 301 0.8 245 245 245 245 245 245 
32 80 100 258 21457 237968 26.6 300 1.1 259 258 258 258 258 258 
33 80 100 251 84534 236680 108 301 0.8 253 252 251 251 251 251 
34 80 100 265 3177 238206 3.93 301 1.1 265 265 265 265 265 265 
35 80 100 253 1406 221701 1.89 301 1.2 253 253 253 253 253 253 
36 80 100 278 51240 238509 64.4 301 1 279 279 278 278 278 278 
37 80 100 294 64802 221495 87.8 300 1 295 295 294 294 294 294 
38 80 100 292 3210 235012 4.07 302 1 292 292 292 292 292 292 
39 80 100 301 3003 219823 3.99 300 1 301 301 301 301 301 301 
40 80 100 263 5622 221901 7.56 302 1.1 264 263 263 263 263 263 
41 100 100 291 9181 169737 16.3 300 1 292 291 291 291 291 291 
42 100 100 337 8608 175685 14.7 300 1.2 338 337 337 337 337 337 
43 100 100 286 1639 167309 2.87 301 1 286 286 286 286 286 286 
44 100 100 309 6957 162452 12.7 301 0.9 310 309 309 309 309 309 
45 100 100 327 24496 166449 44.3 301 0.9 328 328 327 327 327 327 
46 100 100 372 39702 161950 73.5 300 1 374 373 372 372 372 372 
47 100 100 298 12181 177305 20.8 301 1 299 298 298 298 298 298 
48 100 100 337 26122 161708 48.8 301 0.5 339 338 337 337 337 337 
49 100 100 318 36591 170728 64.2 300 0.6 319 319 318 318 318 318 
50 100 100 376 32769 169363 57.9 301 1 377 377 376 376 376 376 

Fri Nov 11 01:56:25 2005
inst  m   W   SVC: UB  it_best/all tm_best/all gap%  TmRow: 5 30 300 3600 36000 inf
1 20 100 72 278 1439683 0.07 301 4.3 72 72 72 72 72 72 
2 20 100 44 1 1723260 0.01 300 4.7 44 44 44 44 44 44 
3 20 100 74 80441 1574753 15.3 301 4.2 75 74 74 74 74 74 
4 20 100 52 135804 1665569 24.5 301 4 53 52 52 52 52 52 
5 20 100 58 430061 1695866 76.1 301 3.5 60 59 58 58 58 58 
6 20 100 79 290122 1630792 53.2 301 2.5 80 80 79 79 79 79 
7 20 100 57 39 1723372 0 300 3.6 57 57 57 57 57 57 
8 20 100 53 60979 1605800 11.3 301 1.9 54 53 53 53 53 53 
9 20 100 69 690336 1464774 142 300 1.4 70 70 69 69 69 69 
10 20 100 77 31330 1473447 6.32 300 4 78 77 77 77 77 77 
11 40 100 91 71724 652186 33 301 1.1 92 92 91 91 91 91 
12 40 100 116 502460 633919 239 301 1.7 117 117 116 116 116 116 
13 40 100 148 8927 587863 4.69 300 1.3 148 148 148 148 148 148 
14 40 100 134 131401 595768 66.2 301 1.5 135 135 134 134 134 134 
15 40 100 154 74100 591496 37.6 300 1.3 155 155 154 154 154 154 
16 40 100 114 12010 646495 5.56 300 1.7 115 114 114 114 114 114 
17 40 100 118 54265 660671 24.8 301 0.8 119 118 118 118 118 118 
18 40 100 162 4243 612368 2.07 301 1.2 162 162 162 162 162 162 
19 40 100 109 284023 632300 136 301 0.9 111 110 109 109 109 109 
20 40 100 110 32697 617290 15.7 300 1.8 111 110 110 110 110 110 
21 60 100 219 81573 342096 72.1 301 1.3 220 220 219 219 219 219 
22 60 100 185 18466 349230 15.9 301 1 186 185 185 185 185 185 
23 60 100 200 2457 343499 2.14 301 1.5 200 200 200 200 200 200 
24 60 100 199 112804 358256 94.4 300 1 200 200 199 199 199 199 
25 60 100 177 20864 349766 17.9 301 1.1 178 177 177 177 177 177 
26 60 100 180 1634 348467 1.39 301 1.1 180 180 180 180 180 180 
27 60 100 162 1086 366197 0.9 301 1.2 162 162 162 162 162 162 
28 60 100 207 321409 353437 274 301 0.9 209 208 207 207 207 207 
29 60 100 188 2407 355486 2.05 301 1 188 188 188 188 188 188 
30 60 100 237 23192 326287 21.4 301 1.7 238 237 237 237 237 237 
31 80 100 246 3831 244026 4.67 301 1.2 246 246 246 246 246 246 
32 80 100 258 4876 245809 5.76 301 1.1 259 258 258 258 258 258 
33 80 100 251 141115 243479 174 301 0.8 252 252 251 251 251 251 
34 80 100 265 1601 242824 1.95 300 1.1 265 265 265 265 265 265 
35 80 100 253 34874 228384 45.5 301 1.2 254 254 253 253 253 253 
36 80 100 278 142019 244721 175 301 1 280 279 278 278 278 278 
37 80 100 295 2287 228397 2.99 301 1.3 295 295 295 295 295 295 
38 80 100 292 48815 241182 60.5 301 1 293 293 292 292 292 292 
39 80 100 301 22598 225428 30.1 301 1 302 302 301 301 301 301 
40 80 100 263 4090 227313 5.36 300 1.1 264 263 263 263 263 263 
41 100 100 291 4891 174614 8.34 301 1 292 291 291 291 291 291 
42 100 100 336 31834 180100 53.2 301 0.9 338 337 336 336 336 336 
43 100 100 285 66033 171637 116 301 0.7 286 286 285 285 285 285 
44 100 100 309 5882 166180 10.6 300 0.9 310 309 309 309 309 309 
45 100 100 327 66285 171396 116 300 0.9 328 328 327 327 327 327 
46 100 100 373 3624 168446 6.52 301 1.3 374 373 373 373 373 373 
47 100 100 298 4016 183584 6.6 301 1 299 298 298 298 298 298 
48 100 100 337 58956 167151 106 300 0.5 339 338 337 337 337 337 
49 100 100 318 50928 176385 86.5 300 0.6 319 319 318 318 318 318 
50 100 100 376 6784 174718 11.7 301 1 377 376 376 376 376 376 

Wed Aug 31 01:40:03 2011

[BL] fImproved 1 pInvertShove 0 0.03  [Solver] instFirst 1 instLast 1000000 statPeriod 10 fWriteSolution 0 [Sub_2DSPP] nScaleW 0 vsp -0.8 0.5  pTower 0 0  pChangeP_TIP 0.01 pInvertHole 0 0.05  pPermutateHole 0.8 1  pBubbleHole 0.6 0.9  [SVC_2DSPP] MaxTime 360 MaxIter 1e+100 NIterRandom 0 NIterSVC 1 ValReset 1000 19000  blockw_pow 2.1 0.1  p_bwpnew 0.1 BaseOrdering 2 1 1 1  p_choose 0.6 0.6  
inst  m   W   SVC: UB  it_best/all tm_best/all gap%  TmRow: 10 60 inf ave_best^
1 20 100 72 450 2216091 0.08 361 4.3 72 72 72 72
2 20 100 44 9 2727345 0 362 4.7 44 44 44 58
3 20 100 74 1422881 2388135 215 361 4.2 75 75 74 63.3333
4 20 100 52 499994 2634517 69.1 360 4 53 53 52 60.5
5 20 100 58 109055 2676769 15.2 361 3.5 59 58 58 60
6 20 100 80 34176 2571981 4.9 361 3.8 80 80 80 63.3333
7 20 100 57 10 2693343 0 361 3.6 57 57 57 62.4286
8 20 100 53 1587 2532305 0.22 362 1.9 53 53 53 61.25
9 20 100 69 590931 2252755 95.2 360 1.4 70 70 69 62.1111
10 20 100 77 34258 2316051 5.36 361 4 77 77 77 63.6
11 40 100 91 20469 1017235 7.22 360 1.1 91 91 91 66.0909
12 40 100 116 170226 992411 62.2 362 1.7 117 117 116 70.25
13 40 100 148 377499 912752 149 361 1.3 149 149 148 76.2308
14 40 100 134 153065 911860 60.8 360 1.5 135 135 134 80.3571
15 40 100 154 50380 915303 20 362 1.3 155 154 154 85.2667
16 40 100 114 12262 994267 4.46 360 1.7 114 114 114 87.0625
17 40 100 118 127155 1054636 43.5 362 0.8 119 118 118 88.8824
18 40 100 162 172047 933154 66.6 360 1.2 163 163 162 92.9444
19 40 100 109 65483 997988 23.6 361 0.9 110 109 109 93.7895
20 40 100 110 134442 961397 50.7 361 1.8 111 110 110 94.6
21 60 100 219 7053 535269 4.71 360 1.3 219 219 219 100.524
22 60 100 185 2923 539564 1.93 362 1 185 185 185 104.364
23 60 100 199 31412 535417 21.2 361 1 200 199 199 108.478
24 60 100 199 64247 566526 41 361 1 200 199 199 112.25
25 60 100 177 81429 557933 52.5 361 1.1 178 177 177 114.84
26 60 100 180 16088 551190 10.6 361 1.1 181 180 180 117.346
27 60 100 161 558634 568852 354 360 0.6 162 162 161 118.963
28 60 100 208 1844 563026 1.17 361 1.4 208 208 208 122.143
29 60 100 187 361003 557303 234 361 0.5 188 188 187 124.379
30 60 100 236 58599 521207 40.6 362 1.2 238 236 236 128.1
31 80 100 245 167919 387592 157 362 0.8 246 246 245 131.871
32 80 100 258 24762 382623 23.3 361 1.1 259 258 258 135.812
33 80 100 251 167814 385075 158 362 0.8 252 252 251 139.303
34 80 100 264 44078 389139 41 362 0.7 265 264 264 142.971
35 80 100 252 51964 371986 50.4 360 0.8 253 252 252 146.086
36 80 100 278 122782 387234 115 362 1 279 279 278 149.75
37 80 100 294 309614 362160 308 360 1 295 295 294 153.649
38 80 100 292 11654 376364 11.1 361 1 293 292 292 157.289
39 80 100 300 41994 363821 41.8 362 0.6 302 300 300 160.949
40 80 100 263 7658 370989 7.62 360 1.1 263 263 263 163.5
41 100 100 290 135232 281554 174 361 0.6 291 291 290 166.585
42 100 100 336 51141 285147 64.7 360 0.9 338 337 336 170.619
43 100 100 285 58647 282488 75.1 361 0.7 286 286 285 173.279
44 100 100 308 66067 275484 87.4 362 0.6 309 309 308 176.341
45 100 100 327 39132 280603 50.4 361 0.9 328 327 327 179.689
46 100 100 372 27060 272665 35.9 361 1 373 372 372 183.87
47 100 100 298 4538 294904 5.56 362 1 298 298 298 186.298
48 100 100 338 14027 274519 18.4 361 0.8 339 338 338 189.458
49 100 100 318 64007 280056 83.1 361 0.6 319 319 318 192.082
50 100 100 376 39379 281612 50.7 360 1 377 376 376 195.76

Wed Sep 14 01:02:56 2011

[BL] fImproved 1 pInvertShove 0 0.03  [Solver] instFirst 1 instLast 1000000 statPeriod 10 fWriteSolution 0 [Sub_2DSPP] nScaleW 0 vsp -0.8 0.5  pTower 0 0  pChangeP_TIP 0.01 pInvertHole 0 0.05  pPermutateHole 0.8 1  pBubbleHole 0.6 0.9  [SVC_2DSPP] MaxTime 360 MaxIter 1e+100 NIterRandom 0 NIterSVC 1 ValReset 1000 19000  blockw_pow 2.1 0.1  p_bwpnew 0.1 BaseOrdering 2 1 1 1  p_choose 0.6 0.6  
inst  m   W   SVC: UB  it_best/all tm_best/all gap%  TmRow: 10 60 inf ave_best^
1 20 100 72 450 3142579 0.05 361 4.3 72 72 72 72
2 20 100 44 9 3834963 0 362 4.7 44 44 44 58
3 20 100 74 1422881 3366680 152 361 4.2 75 75 74 63.3333
4 20 100 52 499994 3730163 48.2 360 4 53 52 52 60.5
5 20 100 58 109055 3763473 10.5 361 3.5 59 58 58 60
6 20 100 80 34176 3646121 3.38 361 3.8 80 80 80 63.3333
7 20 100 57 10 3798499 0 361 3.6 57 57 57 62.4286
8 20 100 53 1587 3567457 0.16 360 1.9 53 53 53 61.25
9 20 100 69 590931 3229043 65.9 360 1.4 70 70 69 62.1111
10 20 100 77 34258 3256974 3.79 361 4 77 77 77 63.6
11 40 100 91 20469 1436829 5.19 362 1.1 91 91 91 66.0909
12 40 100 116 170226 1388497 44.1 360 1.7 117 116 116 70.25
13 40 100 148 377499 1293058 105 361 1.3 149 149 148 76.2308
14 40 100 134 153065 1289513 42.8 360 1.5 135 134 134 80.3571
15 40 100 154 50380 1293738 14.1 361 1.3 155 154 154 85.2667
16 40 100 114 12262 1414596 3.15 362 1.7 114 114 114 87.0625
17 40 100 118 127155 1473806 31.2 361 0.8 119 118 118 88.8824
18 40 100 162 172047 1318952 47.1 361 1.2 163 162 162 92.9444
19 40 100 109 65483 1418076 16.7 361 0.9 110 109 109 93.7895
20 40 100 110 134442 1359809 35.7 361 1.8 111 110 110 94.6
21 60 100 219 7053 754891 3.34 361 1.3 219 219 219 100.524
22 60 100 185 2923 775304 1.35 361 1 185 185 185 104.364
23 60 100 199 31412 763942 14.9 362 1 200 199 199 108.478
24 60 100 199 64247 800070 28.9 361 1 200 199 199 112.25
25 60 100 177 81429 784122 37.4 361 1.1 178 177 177 114.84
26 60 100 180 16088 784870 7.39 360 1.1 180 180 180 117.346
27 60 100 161 558634 812118 248 360 0.6 162 162 161 118.963
28 60 100 207 570822 785036 262 360 0.9 208 208 207 122.107
29 60 100 187 361003 792281 163 360 0.5 188 188 187 124.345
30 60 100 236 58599 738413 28.7 361 1.2 237 236 236 128.067
31 80 100 245 167919 547702 111 361 0.8 246 246 245 131.839
32 80 100 258 24762 545153 16.3 361 1.1 259 258 258 135.781
33 80 100 251 167814 542425 111 360 0.8 252 252 251 139.273
34 80 100 264 44078 550226 29.1 362 0.7 265 264 264 142.941
35 80 100 252 51964 525301 35.8 361 0.8 253 252 252 146.057
36 80 100 278 122782 540572 82.4 361 1 279 279 278 149.722
37 80 100 294 309614 514949 216 360 1 295 295 294 153.622
38 80 100 292 11654 536727 7.74 360 1 292 292 292 157.263
39 80 100 300 41994 514081 29.6 361 0.6 302 300 300 160.923
40 80 100 262 519660 523878 357 360 0.7 263 263 262 163.45
41 100 100 290 135232 398044 123 362 0.6 291 291 290 166.537
42 100 100 336 51141 400145 46.1 361 0.9 338 336 336 170.571
43 100 100 285 58647 392803 53.9 361 0.7 286 285 285 173.233
44 100 100 308 66067 389207 61.3 361 0.6 309 309 308 176.295
45 100 100 327 39132 394886 35.9 361 0.9 328 327 327 179.644
46 100 100 372 27060 385437 25.5 361 1 373 372 372 183.826
47 100 100 298 4538 410380 4.03 362 1 298 298 298 186.255
48 100 100 337 284043 384348 266 361 0.5 339 338 337 189.396
49 100 100 318 64007 393451 58.8 361 0.6 319 318 318 192.02
50 100 100 376 39379 395899 35.8 361 1 377 376 376 195.7
