C_5_201 LB=0 UB=648
20
100
50	85
35	14
94	54
47	62
52	25
96	67
1	43
24	42
53	86
11	31
52	65
66	11
76	25
36	94
36	42
97	24
76	29
61	79
74	29
71	69

C_5_202 LB=0 UB=365
20
100
18	16
51	72
95	12
7	24
75	32
21	91
1	89
4	48
52	25
1	9
40	20
90	16
7	85
81	48
33	62
19	16
28	32
82	65
37	4
81	71

C_5_203 LB=0 UB=623
20
100
63	47
100	57
49	51
64	17
36	79
87	92
71	44
78	58
31	89
84	27
26	93
81	42
2	65
80	83
37	51
27	59
40	29
98	16
57	9
5	31

C_5_204 LB=0 UB=415
20
100
40	70
4	21
52	62
73	15
89	35
56	11
62	65
30	54
16	65
7	22
27	79
31	26
8	84
80	10
3	92
65	53
89	47
30	64
78	27
53	90

C_5_205 LB=0 UB=461
20
100
95	36
14	91
16	36
91	93
61	17
82	98
43	56
65	49
5	65
50	25
25	87
83	38
14	100
40	30
17	16
33	81
11	80
7	1
8	68
38	35

C_5_206 LB=0 UB=695
20
100
14	69
74	13
23	86
84	42
12	72
97	96
60	71
57	86
77	62
41	56
7	56
62	84
29	97
63	82
53	62
22	93
25	64
50	96
21	45
92	1

C_5_207 LB=0 UB=453
20
100
96	42
94	5
21	69
31	22
15	88
93	20
23	9
92	76
22	77
70	1
24	70
7	40
73	99
12	70
47	8
32	3
57	76
43	82
47	12
57	87

C_5_208 LB=0 UB=442
20
100
85	41
37	9
18	77
83	34
20	4
53	40
37	33
60	4
44	10
46	38
55	11
91	85
12	48
6	23
94	66
33	64
12	42
53	53
11	87
75	66

C_5_209 LB=0 UB=600
20
100
53	36
25	36
97	43
59	78
32	97
73	89
70	75
45	13
55	90
87	29
64	85
42	48
10	39
89	13
36	61
39	4
20	97
35	30
73	25
57	37

C_5_210 LB=0 UB=657
20
100
77	95
53	50
30	11
95	100
73	73
18	19
19	60
99	52
12	83
49	76
30	87
13	3
84	48
68	77
19	79
26	76
11	24
31	11
73	60
60	26

C_5_211 LB=0 UB=739
40
100
18	16
51	72
95	12
7	24
75	32
21	91
1	89
4	48
52	25
1	9
40	20
90	16
7	85
81	48
33	62
19	16
28	32
82	65
37	4
81	71
37	23
60	47
40	67
98	37
90	46
4	18
64	7
25	1
75	25
37	32
66	12
51	88
15	14
13	79
33	6
99	51
65	2
21	81
89	44
24	80

C_5_212 LB=0 UB=966
40
100
40	70
4	21
52	62
73	15
89	35
56	11
62	65
30	54
16	65
7	22
27	79
31	26
8	84
80	10
3	92
65	53
89	47
30	64
78	27
53	90
13	42
46	7
74	38
52	26
70	92
50	93
47	16
50	84
82	53
98	11
86	81
70	19
4	12
78	85
13	91
66	20
25	94
13	68
84	33
29	9

C_5_213 LB=0 UB=1317
40
100
14	69
74	13
23	86
84	42
12	72
97	96
60	71
57	86
77	62
41	56
7	56
62	84
29	97
63	82
53	62
22	93
25	64
50	96
21	45
92	1
53	85
26	54
66	95
62	31
37	17
45	44
77	32
53	37
31	49
97	89
76	13
22	10
24	2
4	44
18	26
56	70
38	32
21	99
94	95
78	75

C_5_214 LB=0 UB=1111
40
100
85	41
37	9
18	77
83	34
20	4
53	40
37	33
60	4
44	10
46	38
55	11
91	85
12	48
6	23
94	66
33	64
12	42
53	53
11	87
75	66
67	45
44	15
93	96
38	44
33	48
67	31
64	48
78	88
98	73
46	58
78	33
83	20
84	74
35	85
25	74
77	96
47	42
23	33
27	24
15	5

C_5_215 LB=0 UB=1248
40
100
77	95
53	50
30	11
95	100
73	73
18	19
19	60
99	52
12	83
49	76
30	87
13	3
84	48
68	77
19	79
26	76
11	24
31	11
73	60
60	26
48	99
26	99
15	84
72	42
85	95
76	98
1	41
49	46
42	68
36	96
20	53
15	94
77	7
96	16
93	75
24	74
78	34
77	12
77	96
66	9

C_5_216 LB=0 UB=1106
40
100
25	57
64	2
48	65
32	34
7	32
93	13
46	68
55	17
43	17
65	57
10	58
100	77
90	2
71	55
62	93
21	3
37	8
31	64
58	60
9	17
5	91
1	72
87	81
85	75
50	41
71	2
70	14
4	65
60	78
62	8
64	45
56	10
59	59
30	81
57	98
63	65
2	72
64	41
72	28
80	20

C_5_217 LB=0 UB=980
40
100
6	28
59	53
31	100
8	92
14	85
4	68
66	62
24	24
33	42
81	38
90	68
17	21
51	19
12	18
58	7
77	7
90	74
55	98
58	100
24	36
7	95
96	99
13	4
15	98
89	4
59	77
79	7
39	15
60	57
99	22
44	31
17	42
74	42
4	54
30	33
6	68
21	82
98	30
93	100
94	16

C_5_218 LB=0 UB=1497
40
100
98	4
30	4
86	66
87	46
88	32
79	46
82	44
52	15
78	81
82	98
21	54
82	72
89	8
96	49
93	19
1	73
77	100
9	22
20	95
64	7
31	81
44	72
57	70
59	95
74	5
55	88
93	66
9	94
60	62
33	92
51	39
70	92
78	74
98	40
86	78
30	12
52	96
8	20
87	5
11	8

C_5_219 LB=0 UB=896
40
100
44	10
53	17
23	58
11	22
5	31
28	41
34	40
14	51
88	29
13	64
78	77
4	24
48	94
98	8
76	24
39	29
74	46
4	30
85	70
6	89
88	42
88	18
93	38
27	60
46	70
37	93
23	83
60	29
36	54
74	12
29	94
91	20
81	48
55	64
2	93
44	89
36	41
69	71
62	36
74	23

C_5_220 LB=0 UB=902
40
100
71	57
87	34
36	52
8	30
26	27
44	29
51	60
71	75
57	63
100	45
21	79
77	52
55	86
78	39
2	97
15	83
40	54
33	98
82	36
9	26
70	54
54	45
83	53
12	67
32	9
63	36
61	35
15	30
48	75
15	60
5	6
40	70
76	40
1	38
37	20
42	75
2	26
41	27
13	67
9	69

C_5_221 LB=0 UB=1857
60
100
63	47
100	57
49	51
64	17
36	79
87	92
71	44
78	58
31	89
84	27
26	93
81	42
2	65
80	83
37	51
27	59
40	29
98	16
57	9
5	31
66	37
93	15
77	89
39	13
35	77
54	3
18	45
83	95
37	72
3	34
36	68
26	97
94	78
95	97
20	79
90	77
61	82
21	16
93	33
32	23
27	8
1	44
9	20
39	57
15	12
91	72
57	62
35	35
80	81
81	22
61	14
74	45
11	38
92	48
74	65
46	10
30	39
80	41
87	38
73	86

C_5_222 LB=0 UB=1551
60
100
14	69
74	13
23	86
84	42
12	72
97	96
60	71
57	86
77	62
41	56
7	56
62	84
29	97
63	82
53	62
22	93
25	64
50	96
21	45
92	1
53	85
26	54
66	95
62	31
37	17
45	44
77	32
53	37
31	49
97	89
76	13
22	10
24	2
4	44
18	26
56	70
38	32
21	99
94	95
78	75
30	27
38	75
24	74
44	12
87	11
75	28
64	52
43	3
33	39
90	48
4	51
96	5
22	99
71	55
65	28
60	7
44	14
40	6
3	70
23	30

C_5_223 LB=0 UB=1667
60
100
53	36
25	36
97	43
59	78
32	97
73	89
70	75
45	13
55	90
87	29
64	85
42	48
10	39
89	13
36	61
39	4
20	97
35	30
73	25
57	37
41	55
14	2
99	33
52	36
60	35
47	84
68	73
12	24
1	92
91	66
70	68
61	55
20	14
34	68
27	74
54	18
4	25
99	48
94	78
79	37
76	79
40	94
61	4
59	65
92	66
48	28
48	8
50	93
41	8
43	6
13	77
39	43
44	60
83	16
44	34
51	70
58	11
55	81
63	35
39	62

C_5_224 LB=0 UB=1844
60
100
25	57
64	2
48	65
32	34
7	32
93	13
46	68
55	17
43	17
65	57
10	58
100	77
90	2
71	55
62	93
21	3
37	8
31	64
58	60
9	17
5	91
1	72
87	81
85	75
50	41
71	2
70	14
4	65
60	78
62	8
64	45
56	10
59	59
30	81
57	98
63	65
2	72
64	41
72	28
80	20
77	41
87	46
63	23
96	96
7	20
53	83
21	7
34	49
48	98
51	74
66	35
49	69
87	97
5	76
56	95
30	76
49	74
68	78
78	10
99	27

C_5_225 LB=0 UB=1416
60
100
24	7
32	35
57	87
89	83
49	80
93	67
10	66
22	31
84	53
86	54
50	88
31	46
19	48
35	51
35	44
7	48
75	20
93	47
51	54
71	94
8	57
51	65
23	74
79	72
7	83
31	60
5	94
19	6
95	52
88	21
87	35
14	50
26	54
10	70
90	53
20	93
89	11
21	63
69	37
24	57
8	78
75	88
15	10
50	99
36	44
62	68
49	26
54	6
64	32
4	58
27	74
23	2
14	97
56	48
37	78
80	41
41	28
7	59
2	91
81	13

C_5_226 LB=0 UB=1487
60
100
44	10
53	17
23	58
11	22
5	31
28	41
34	40
14	51
88	29
13	64
78	77
4	24
48	94
98	8
76	24
39	29
74	46
4	30
85	70
6	89
88	42
88	18
93	38
27	60
46	70
37	93
23	83
60	29
36	54
74	12
29	94
91	20
81	48
55	64
2	93
44	89
36	41
69	71
62	36
74	23
91	55
37	88
67	11
69	45
67	47
16	5
4	41
53	11
20	4
94	42
95	81
81	10
40	50
93	57
98	21
41	63
47	39
70	38
99	82
56	27

C_5_227 LB=0 UB=1309
60
100
42	79
73	21
45	40
78	94
28	70
85	92
70	14
39	26
81	49
18	40
5	87
32	12
21	72
27	54
40	81
81	10
6	27
3	56
96	53
40	6
22	37
67	2
29	91
98	24
94	58
75	81
28	16
77	19
76	77
15	14
16	85
34	79
58	18
10	58
47	87
56	28
61	37
16	1
10	44
67	21
40	21
20	66
29	11
21	46
86	93
47	7
57	78
8	26
20	9
50	15
86	65
50	17
98	58
19	10
35	30
2	7
8	61
76	50
62	61
53	18

C_5_228 LB=0 UB=1692
60
100
27	92
71	90
65	44
99	76
95	42
7	31
26	65
74	99
6	24
10	60
9	63
59	23
49	60
1	32
69	27
44	67
47	8
35	38
95	79
50	89
56	54
2	98
9	75
34	76
64	22
23	68
67	4
83	52
94	67
56	38
57	87
20	71
100	77
87	29
2	81
1	23
73	76
40	97
57	74
15	30
33	19
70	31
12	89
83	47
38	94
66	54
88	80
62	63
75	24
49	20
42	38
40	1
66	65
77	18
61	83
39	16
69	5
37	72
68	73
16	97

C_5_229 LB=0 UB=1516
60
100
45	60
56	3
63	13
19	79
16	24
74	2
49	4
31	50
41	97
35	34
2	83
64	99
76	71
28	21
42	5
73	13
11	65
77	18
27	61
49	15
67	37
36	14
44	71
13	61
100	74
94	32
15	91
21	40
99	100
73	27
97	11
61	73
87	69
30	88
79	52
56	17
18	71
52	37
82	70
62	60
81	28
63	30
61	54
66	24
100	95
17	55
7	27
93	66
29	61
4	35
41	43
96	73
57	49
46	25
19	91
65	69
6	14
98	15
29	95
22	8

C_5_230 LB=0 UB=2132
60
100
71	74
26	75
48	48
27	17
84	36
75	95
89	16
48	53
8	98
57	70
18	27
47	56
31	80
94	55
91	70
11	47
76	40
41	40
96	69
63	81
97	66
87	46
56	77
59	48
85	80
55	30
27	85
88	70
60	38
100	79
96	15
71	2
80	28
11	16
88	21
65	33
31	73
10	97
56	94
58	86
38	28
53	11
90	55
72	16
55	83
28	79
12	59
64	12
72	59
58	58
78	96
21	96
10	13
98	36
77	88
67	23
24	32
38	35
30	90
56	83

C_5_231 LB=0 UB=2125
80
100
40	70
4	21
52	62
73	15
89	35
56	11
62	65
30	54
16	65
7	22
27	79
31	26
8	84
80	10
3	92
65	53
89	47
30	64
78	27
53	90
13	42
46	7
74	38
52	26
70	92
50	93
47	16
50	84
82	53
98	11
86	81
70	19
4	12
78	85
13	91
66	20
25	94
13	68
84	33
29	9
68	52
58	51
88	29
79	41
88	76
3	56
46	36
74	6
74	88
69	37
15	43
1	27
48	44
12	85
83	71
82	57
65	33
22	21
73	75
74	87
16	76
19	100
39	46
66	38
21	30
60	12
72	5
79	66
36	83
33	79
92	8
69	60
51	58
62	56
57	43
24	42
87	9
1	32
54	33
68	68

C_5_232 LB=0 UB=2200
80
100
85	41
37	9
18	77
83	34
20	4
53	40
37	33
60	4
44	10
46	38
55	11
91	85
12	48
6	23
94	66
33	64
12	42
53	53
11	87
75	66
67	45
44	15
93	96
38	44
33	48
67	31
64	48
78	88
98	73
46	58
78	33
83	20
84	74
35	85
25	74
77	96
47	42
23	33
27	24
15	5
76	98
32	58
39	74
85	68
93	97
19	48
50	45
10	42
54	29
71	27
83	93
46	15
48	16
12	50
93	7
81	10
96	13
96	5
69	10
37	81
55	9
13	15
33	56
70	19
13	27
85	36
41	34
69	44
93	22
67	55
81	68
56	14
49	83
48	97
76	11
87	16
72	32
51	15
81	54
51	72

C_5_233 LB=0 UB=2328
80
100
25	57
64	2
48	65
32	34
7	32
93	13
46	68
55	17
43	17
65	57
10	58
100	77
90	2
71	55
62	93
21	3
37	8
31	64
58	60
9	17
5	91
1	72
87	81
85	75
50	41
71	2
70	14
4	65
60	78
62	8
64	45
56	10
59	59
30	81
57	98
63	65
2	72
64	41
72	28
80	20
77	41
87	46
63	23
96	96
7	20
53	83
21	7
34	49
48	98
51	74
66	35
49	69
87	97
5	76
56	95
30	76
49	74
68	78
78	10
99	27
87	16
31	1
54	36
11	10
91	47
16	1
41	61
56	49
83	21
77	66
28	7
57	98
19	28
5	20
36	30
67	46
88	90
21	18
21	19
77	15

C_5_234 LB=0 UB=2280
80
100
98	4
30	4
86	66
87	46
88	32
79	46
82	44
52	15
78	81
82	98
21	54
82	72
89	8
96	49
93	19
1	73
77	100
9	22
20	95
64	7
31	81
44	72
57	70
59	95
74	5
55	88
93	66
9	94
60	62
33	92
51	39
70	92
78	74
98	40
86	78
30	12
52	96
8	20
87	5
11	8
35	17
50	55
76	76
69	71
18	60
46	100
8	80
93	21
23	80
53	45
74	38
5	16
4	66
60	11
94	7
61	43
52	40
88	54
24	75
50	24
88	58
93	64
54	65
93	17
67	8
63	61
5	31
47	8
79	13
22	2
33	64
100	21
46	28
25	75
27	84
75	11
23	43
60	4
10	49
26	66

C_5_235 LB=0 UB=2057
80
100
71	57
87	34
36	52
8	30
26	27
44	29
51	60
71	75
57	63
100	45
21	79
77	52
55	86
78	39
2	97
15	83
40	54
33	98
82	36
9	26
70	54
54	45
83	53
12	67
32	9
63	36
61	35
15	30
48	75
15	60
5	6
40	70
76	40
1	38
37	20
42	75
2	26
41	27
13	67
9	69
50	89
91	15
22	69
65	7
75	18
41	24
85	81
64	77
65	35
12	11
59	92
96	2
44	96
60	63
32	25
83	38
67	90
74	4
27	35
80	73
22	38
77	88
98	11
76	29
32	97
23	5
36	75
94	62
53	55
1	77
61	83
89	61
73	35
35	59
31	23
50	48
14	91
78	40
33	18
99	79

C_5_236 LB=0 UB=2332
80
100
27	92
71	90
65	44
99	76
95	42
7	31
26	65
74	99
6	24
10	60
9	63
59	23
49	60
1	32
69	27
44	67
47	8
35	38
95	79
50	89
56	54
2	98
9	75
34	76
64	22
23	68
67	4
83	52
94	67
56	38
57	87
20	71
100	77
87	29
2	81
1	23
73	76
40	97
57	74
15	30
33	19
70	31
12	89
83	47
38	94
66	54
88	80
62	63
75	24
49	20
42	38
40	1
66	65
77	18
61	83
39	16
69	5
37	72
68	73
16	97
70	66
52	35
19	95
58	66
93	4
78	98
3	71
89	78
93	8
3	83
41	59
63	24
58	100
49	45
90	45
70	24
12	36
72	72
38	53
32	34

C_5_237 LB=0 UB=2509
80
100
59	85
25	31
85	46
96	16
46	65
59	47
88	53
24	4
88	55
36	96
57	49
73	69
40	45
46	99
15	88
100	100
92	56
12	13
16	60
92	18
64	44
87	26
49	87
73	81
14	98
62	61
38	24
97	76
30	41
58	72
36	60
54	26
34	27
31	50
34	18
66	87
82	45
70	15
54	53
88	47
62	19
98	25
50	54
9	28
97	2
69	67
13	43
52	86
42	86
72	63
64	75
72	10
87	90
30	71
58	41
58	22
53	72
99	77
85	61
32	78
97	19
67	5
66	91
50	67
6	55
57	10
59	21
100	10
3	34
23	80
50	72
5	64
44	46
56	39
63	100
20	17
18	13
76	42
53	94
35	92

C_5_238 LB=0 UB=2474
80
100
55	6
7	31
71	40
1	22
88	99
54	27
53	94
75	23
43	69
11	21
68	2
38	67
74	5
67	37
38	21
44	44
72	29
45	31
19	39
82	76
57	96
100	90
99	78
76	18
87	96
21	37
100	95
80	59
49	52
30	28
78	77
83	22
65	17
82	52
22	48
7	62
93	82
68	30
54	62
9	68
19	68
8	19
30	9
76	62
67	31
58	7
39	11
32	99
92	60
8	16
2	23
31	69
83	78
79	3
76	35
63	95
61	39
27	55
49	67
50	30
84	32
41	96
44	77
47	65
39	81
44	80
15	53
43	21
49	39
90	97
53	17
61	54
70	97
68	69
78	25
56	53
90	77
2	51
48	65
17	41

C_5_239 LB=0 UB=2469
80
100
82	40
61	53
29	95
10	21
57	19
61	13
43	57
59	41
98	87
82	49
67	19
41	16
27	98
80	52
90	1
78	2
99	41
44	43
34	61
25	86
5	40
97	77
56	87
71	92
65	48
93	44
43	1
39	76
35	56
21	66
19	59
84	25
5	86
5	98
38	49
95	62
96	92
98	29
90	94
94	43
64	65
91	82
97	50
36	57
98	26
6	12
14	4
11	25
21	30
97	8
30	80
41	4
87	67
55	92
68	34
82	82
85	59
100	19
83	53
22	81
39	61
90	79
64	60
83	58
3	62
12	95
33	11
21	100
66	85
88	20
45	95
25	31
50	85
76	45
91	33
17	5
12	51
62	91
91	82
53	12

C_5_240 LB=0 UB=2104
80
100
76	47
71	71
67	1
52	59
49	1
13	17
33	27
32	88
65	88
20	51
21	30
22	16
13	30
16	28
86	99
12	65
17	82
55	39
17	57
23	92
30	34
27	4
36	58
11	84
43	6
54	79
98	91
65	65
78	56
91	54
93	80
8	89
89	72
27	50
44	78
94	46
67	76
85	23
4	76
12	58
33	24
20	62
64	96
86	80
42	4
21	90
45	92
70	2
84	39
10	61
3	55
53	44
81	85
42	64
27	6
57	64
88	29
8	23
40	100
39	50
94	95
28	91
96	27
86	24
22	39
58	59
84	9
22	42
27	48
88	49
28	1
1	92
98	45
39	15
81	92
13	97
57	86
67	48
34	5
80	13

C_5_241 LB=0 UB=2325
100
100
95	36
14	91
16	36
91	93
61	17
82	98
43	56
65	49
5	65
50	25
25	87
83	38
14	100
40	30
17	16
33	81
11	80
7	1
8	68
38	35
52	92
39	60
21	96
54	88
26	58
60	63
11	90
68	62
54	35
24	98
67	72
4	14
93	12
21	88
11	98
18	31
31	10
73	88
98	57
97	37
90	85
35	88
19	70
64	86
27	25
96	9
94	94
75	68
29	54
79	8
79	17
19	5
20	27
39	72
64	62
17	52
54	32
65	24
70	83
26	98
21	92
79	20
53	71
34	66
43	63
36	49
2	46
63	11
75	32
26	32
40	66
70	22
7	24
72	26
21	18
42	21
59	92
27	19
34	24
3	64
89	26
82	33
3	41
7	39
85	48
58	25
81	58
44	69
69	14
11	82
59	96
36	9
97	13
30	28
59	10
38	49
57	66
38	17
35	91
40	10

C_5_242 LB=0 UB=2748
100
100
77	95
53	50
30	11
95	100
73	73
18	19
19	60
99	52
12	83
49	76
30	87
13	3
84	48
68	77
19	79
26	76
11	24
31	11
73	60
60	26
48	99
26	99
15	84
72	42
85	95
76	98
1	41
49	46
42	68
36	96
20	53
15	94
77	7
96	16
93	75
24	74
78	34
77	12
77	96
66	9
67	5
35	75
60	39
63	54
100	9
60	25
64	59
70	99
65	67
72	20
46	45
76	65
85	36
28	47
93	19
4	8
15	4
16	28
29	37
9	18
45	94
60	20
8	87
80	15
96	60
14	12
20	92
39	56
25	93
67	25
87	7
41	29
19	13
41	15
64	22
77	58
1	78
93	70
41	58
67	97
27	75
10	14
38	71
67	35
86	26
16	2
13	51
67	94
99	88
65	22
54	18
88	31
23	50
47	97
83	29
86	33
46	33
84	83
56	72
50	24

C_5_243 LB=0 UB=2287
100
100
24	7
32	35
57	87
89	83
49	80
93	67
10	66
22	31
84	53
86	54
50	88
31	46
19	48
35	51
35	44
7	48
75	20
93	47
51	54
71	94
8	57
51	65
23	74
79	72
7	83
31	60
5	94
19	6
95	52
88	21
87	35
14	50
26	54
10	70
90	53
20	93
89	11
21	63
69	37
24	57
8	78
75	88
15	10
50	99
36	44
62	68
49	26
54	6
64	32
4	58
27	74
23	2
14	97
56	48
37	78
80	41
41	28
7	59
2	91
81	13
33	47
80	47
78	4
15	40
14	9
30	2
52	39
3	77
38	5
46	44
48	50
2	13
95	55
50	30
22	28
100	71
7	15
97	48
61	94
19	6
29	75
78	22
88	3
16	7
50	56
13	6
59	45
78	96
93	14
58	89
63	42
29	28
13	38
3	93
21	49
23	94
99	51
69	75
90	55
50	14

C_5_244 LB=0 UB=2484
100
100
71	57
87	34
36	52
8	30
26	27
44	29
51	60
71	75
57	63
100	45
21	79
77	52
55	86
78	39
2	97
15	83
40	54
33	98
82	36
9	26
70	54
54	45
83	53
12	67
32	9
63	36
61	35
15	30
48	75
15	60
5	6
40	70
76	40
1	38
37	20
42	75
2	26
41	27
13	67
9	69
50	89
91	15
22	69
65	7
75	18
41	24
85	81
64	77
65	35
12	11
59	92
96	2
44	96
60	63
32	25
83	38
67	90
74	4
27	35
80	73
22	38
77	88
98	11
76	29
32	97
23	5
36	75
94	62
53	55
1	77
61	83
89	61
73	35
35	59
31	23
50	48
14	91
78	40
33	18
99	79
32	14
21	43
89	23
91	43
16	24
86	23
56	28
17	61
88	79
27	69
23	54
97	90
4	66
35	3
11	57
87	18
53	7
31	81
76	27
77	68

C_5_245 LB=0 UB=2660
100
100
8	83
6	85
54	43
42	79
92	49
59	43
32	81
34	20
19	48
78	88
32	96
36	59
80	1
85	78
8	76
37	21
95	65
36	99
51	45
60	59
20	28
20	76
81	58
60	63
45	13
58	63
56	3
26	55
91	74
7	50
63	3
80	91
14	2
55	58
24	14
77	60
3	17
25	42
96	24
8	83
81	77
71	93
68	55
93	17
2	69
84	32
61	63
88	50
55	15
84	15
30	37
83	4
64	73
29	30
66	99
99	36
83	29
5	100
90	5
92	34
1	7
37	81
58	44
51	19
40	62
79	60
58	37
99	48
57	82
21	61
13	41
90	10
39	91
84	40
79	44
13	27
10	44
23	84
43	69
92	54
24	29
29	16
30	70
80	81
71	69
23	92
93	38
69	28
73	20
61	1
22	93
78	53
85	70
31	64
39	93
65	44
96	41
56	38
100	25
17	23

C_5_246 LB=0 UB=3132
100
100
71	74
26	75
48	48
27	17
84	36
75	95
89	16
48	53
8	98
57	70
18	27
47	56
31	80
94	55
91	70
11	47
76	40
41	40
96	69
63	81
97	66
87	46
56	77
59	48
85	80
55	30
27	85
88	70
60	38
100	79
96	15
71	2
80	28
11	16
88	21
65	33
31	73
10	97
56	94
58	86
38	28
53	11
90	55
72	16
55	83
28	79
12	59
64	12
72	59
58	58
78	96
21	96
10	13
98	36
77	88
67	23
24	32
38	35
30	90
56	83
5	39
99	12
94	91
78	99
74	90
37	54
57	14
55	24
87	74
42	85
42	14
42	49
32	12
34	59
3	80
28	95
32	61
70	66
31	33
36	18
43	9
39	28
46	31
21	7
52	78
62	100
6	61
72	84
84	25
96	71
97	46
11	5
92	37
29	64
44	42
94	59
66	38
83	34
1	37
9	67

C_5_247 LB=0 UB=2415
100
100
48	66
35	41
7	5
51	81
91	24
81	24
10	2
2	14
11	48
25	28
69	9
96	79
96	61
92	10
38	15
23	99
70	17
35	57
6	43
5	29
88	5
44	93
95	48
97	59
38	49
41	72
62	19
88	10
43	3
82	84
94	78
1	39
59	56
56	51
15	80
91	33
73	30
84	28
79	16
47	15
10	82
23	4
76	6
91	41
23	99
61	2
28	6
78	100
2	5
21	77
90	6
99	13
69	54
57	18
51	27
74	37
80	36
60	47
34	25
59	60
24	73
50	20
94	89
44	4
22	20
85	25
20	42
50	26
31	66
52	85
34	38
33	13
39	34
73	55
91	66
82	89
69	79
5	25
82	50
20	8
75	90
37	16
27	43
1	60
48	89
90	85
82	37
14	67
8	31
19	19
37	51
83	84
13	7
15	41
13	43
62	100
50	37
99	7
66	100
40	38

C_5_248 LB=0 UB=2718
100
100
76	47
71	71
67	1
52	59
49	1
13	17
33	27
32	88
65	88
20	51
21	30
22	16
13	30
16	28
86	99
12	65
17	82
55	39
17	57
23	92
30	34
27	4
36	58
11	84
43	6
54	79
98	91
65	65
78	56
91	54
93	80
8	89
89	72
27	50
44	78
94	46
67	76
85	23
4	76
12	58
33	24
20	62
64	96
86	80
42	4
21	90
45	92
70	2
84	39
10	61
3	55
53	44
81	85
42	64
27	6
57	64
88	29
8	23
40	100
39	50
94	95
28	91
96	27
86	24
22	39
58	59
84	9
22	42
27	48
88	49
28	1
1	92
98	45
39	15
81	92
13	97
57	86
67	48
34	5
80	13
59	60
61	69
9	95
57	27
94	88
44	33
60	51
33	63
84	27
70	30
78	95
31	77
85	65
28	82
83	82
6	56
85	24
42	44
33	2
47	23

C_5_249 LB=0 UB=2579
100
100
44	55
21	2
15	73
16	89
45	5
59	11
45	29
26	14
58	55
29	74
62	28
12	4
69	26
54	48
23	60
65	83
2	74
89	21
16	47
5	6
12	88
24	16
65	44
90	61
87	91
80	87
24	40
7	71
51	37
13	25
82	58
78	92
59	15
13	50
61	53
60	11
99	49
100	20
18	14
42	53
94	92
31	22
40	63
45	71
100	35
94	78
51	55
25	55
5	100
13	45
5	80
70	27
31	41
42	12
92	61
4	43
34	49
70	100
34	51
82	92
3	45
19	65
86	41
92	95
60	84
46	95
37	52
57	9
61	56
38	14
10	40
33	22
95	83
19	77
60	94
8	57
83	20
43	72
76	37
4	68
82	56
100	22
80	23
77	46
80	14
12	83
28	41
16	11
100	49
34	42
8	15
43	21
96	50
55	24
43	98
14	63
59	39
98	82
88	81
18	59

C_5_250 LB=0 UB=3150
100
100
88	76
22	23
91	9
82	57
19	23
56	94
83	94
21	78
27	35
89	87
29	90
4	32
1	36
43	57
86	84
19	40
63	80
75	93
43	1
89	59
69	57
72	17
21	94
70	77
8	89
58	84
76	53
49	17
1	31
87	85
96	100
50	33
5	72
49	40
5	91
29	16
8	35
66	5
58	15
73	86
33	75
93	70
43	93
5	100
34	81
20	56
83	82
81	47
2	75
67	19
34	70
90	49
57	12
92	48
83	79
53	61
57	83
83	66
55	66
27	73
89	8
62	27
3	19
100	5
75	43
85	20
17	59
94	15
72	78
40	69
19	43
66	91
69	34
50	27
65	60
3	55
87	67
71	85
44	32
29	63
82	66
90	65
77	14
98	3
42	54
31	22
21	96
100	98
91	85
50	44
64	98
57	4
84	48
34	55
29	78
24	8
9	67
6	9
70	24
91	34

