Mon Aug 15 16:20:32 2005

 inst  m   W   SVC:tm it:all best Tm:1dh 1dv cg  UB  LBh  LBv
   1   20  300 0.03 1000   97 0.17 0.24   95%  196  180  180
   2   20  300 0.03 1000   21 0.17  0.2   80%  119  108  113
   3   20  300 0.02 1000  448 0.17 0.17   96%  202  185  185
   4   20  300 0.03 1000  268 0.17 0.49   80%  144  130  132
   5   20  300 0.02 1000  171 0.13 0.46   84%  164  146  149
   6   20  300 0.03 1000   67 0.14 0.39   88%  222  201  206
   7   20  300 0.03 1000  216 0.17 0.28   79%  161  143  153
   8   20  300 0.03 1000   42 0.15 0.76   87%  149  135  136
   9   20  300 0.02 1000  245 0.17 0.68   83%  190  176  177
  10   20  300 0.02 1000   42 0.42  0.7   90%  213  195  197
  11   40  300 0.06 1000  316 0.35 0.34   79%  247  232  232
  12   40  300 0.05 1000  746 0.36 0.43   80%  315  298  298
  13   40  300 0.05 1000  346 0.43 0.55   82%  408  385  385
  14   40  300 0.05 1000  173 0.44 0.46   83%  367  348  348
  15   40  300 0.05 1000  649 0.51 0.39   90%  420  397  397
  16   40  300 0.05 1000  624 0.42 0.43   89%  314  293  293
  17   40  300 0.05 1000  596 0.37 0.35   87%  320  303  303
  18   40  300 0.05 1000  870  0.4 0.35   80%  442  417  417
  19   40  300 0.06 1000  318 0.38 0.43   85%  302  280  280
  20   40  300 0.05 1000  420 0.29 0.44   87%  303  282  282
  21   60  300 0.09 1000  196 0.74 0.73   80%  601  569  569
  22   60  300 0.09 1000  694 0.79 0.76   83%  505  481  481
  23   60  300 0.09 1000  296 0.79 0.71   74%  536  516  516
  24   60  300 0.09 1000  422 0.82 0.78   78%  552  517  517
  25   60  300 0.09 1000  997 0.65 0.85   81%  478  456  456
  26   60  300 0.09 1000  296 0.76 1.01   83%  493  463  463
  27   60  300 0.09 1000  522  0.8 0.81   80%  434  416  416
  28   60  300  0.1 1000  597 0.71 0.91   80%  565  537  537
  29   60  300 0.09 1000  697  0.7 0.72   78%  510  484  484
  30   60  300 0.07 1000   75 0.76 0.96   80%  650  612  612
  31   80  300 0.15 1000  198 1.24  1.7   77%  664  635  635
  32   80  300 0.12 1000  318 1.28 1.67   75%  702  670  670
  33   80  300 0.13 1000  167 1.31 1.65   77%  677  651  651
  34   80  300 0.14 1000  743 1.53 1.68   80%  713  682  682
  35   80  300 0.14 1000   43 1.27 1.59   79%  692  655  655
  36   80  300 0.14 1000  269 1.29 1.75   78%  757  720  720
  37   80  300 0.13 1000  799 1.23 2.07   79%  799  759  759
  38   80  300 0.13 1000  924 1.58 1.67   74%  805  763  763
  39   80  300 0.13 1000  273 1.34 1.53   81%  816  782  782
  40   80  300 0.15 1000  574 1.19 1.42   77%  711  680  680
  41  100  300 0.19 1000  997  1.6 3.31   72%  784  753  753
  42  100  300 0.19 1000  518 1.98 2.99   71%  916  873  873
  43  100  300 0.19 1000  223 1.93 3.04   68%  771  741  741
  44  100  300  0.2 1000  971 1.74 2.62   72%  832  801  801
  45  100  300  0.2 1000  421 1.95 2.95   75%  890  848  848
  46  100  300 0.19 1000  798 2.26 2.65   76% 1011  967  967
  47  100  300 0.19 1000  298 2.02 2.79   69%  807  771  771
  48  100  300 0.19 1000  821 2.07  2.9   68%  917  877  877
  49  100  300 0.19 1000  918 2.11 3.51   68%  868  831  831
  50  100  300 0.19 1000  298 2.16 3.49   67% 1017  976  976

Fri Sep 30 18:07:00 2005
 inst  m   W   SVC: UB  tm it:all best Tm:1dh 1dv cg  LBh  LBv
1 20 300 188 3.68 100000 19475 0 0 5.36 0 0 
2 20 300 115 4.27 100000 956 0 0 0 0 0 
3 20 300 194 3.74 100000 41637 0 0 2.66 0 0 
4 20 300 139 4.27 100000 31697 0 0 0 0 0 
5 20 300 161 4.34 100000 454 0 0 0 0 0 
6 20 300 215 3.9 100000 3005 0 0.01 0 0 0 
7 20 300 161 4.03 100000 49 0 0 0 0 0 
8 20 300 144 3.93 100000 8146 0 0 0 0 0 
9 20 300 187 3.76 100000 5419 0 0 0 0 0 
10 20 300 203 3.81 100000 25277 0 0 0 0 0 
11 40 300 241 8.56 100000 12838 0 0 2.21 0 0 
12 40 300 308 8.41 100000 369 0 0 0 0 0 
13 40 300 400 8.22 100000 64213 0 0 1.31 0 0 
14 40 300 359 7.64 100000 28305 0 0 0 0 0 
15 40 300 412 8.22 100000 84623 0 0 0 0 0 
16 40 300 304 8.17 100000 22117 0 0 0 0 0 
17 40 300 310 8.48 100000 96597 0 0 0 0 0 
18 40 300 433 7.57 100000 60985 0 0 0 0 0 
19 40 300 294 8.66 100000 60010 0 0 0 0 0 
20 40 300 295 9.2 100000 2143 0 0 0 0 0 
21 60 300 587 12.74 100000 56909 0 0 1.71 0 0 
22 60 300 497 13.41 100000 59787 0 0 0.59 0 0 
23 60 300 534 13.1 100000 7386 0 0 0 0 0 
24 60 300 535 12.93 100000 96836 0 0 0 0 0 
25 60 300 471 14.64 100000 34061 0 0 0 0 0 
26 60 300 481 13.08 100000 186 0 0 0 0 0 
27 60 300 428 13.48 100000 28921 0 0 0 0 0 
28 60 300 557 13.45 100000 10655 0 0 0 0 0 
29 60 300 500 13.26 100000 12755 0 0 0 0 0 
30 60 300 636 12.01 100000 12565 0 0 0 0 0 
31 80 300 654 19.51 100000 54870 0 0 1.11 0 0 
32 80 300 688 17.02 100000 13276 0 0 0 0 0 
33 80 300 673 18.84 100000 23707 0 0 0 0 0 
34 80 300 704 18.64 100000 19821 0 0 0 0 0 
35 80 300 675 19.68 100000 21824 0 0 0 0 0 
36 80 300 741 19.73 100000 29637 0 0 0 0 0 
37 80 300 785 17.98 100000 37000 0 0 0 0 0 
38 80 300 787 18.15 100000 75485 0 0 0 0 0 
39 80 300 805 17.84 100000 87622 0 0 0 0 0 
40 80 300 698 19.69 100000 89304 0 0 0 0 0 
41 100 300 777 26.69 100000 69762 0 0 0.83 0 0 
42 100 300 902 25.62 100000 40785 0 0 0 0 0 
43 100 300 763 26.32 100000 27145 0 0 0 0 0 
44 100 300 822 26.54 100000 77412 0 0 0 0 0 
45 100 300 870 25.96 100000 97719 0 0 0 0 0 
46 100 300 996 25.32 100000 11995 0 0 0 0 0 
47 100 300 794 24.95 100000 398 0 0 0 0 0 
48 100 300 899 25.99 100000 69628 0 0 0 0 0 
49 100 300 855 25.39 100000 6552 0 0 0 0 0 
50 100 300 1005 25.27 100000 53120 0 0 0 0 0 

Thu Oct  6 19:19:04 2005
 inst  m   W   SVC: UB  tm it:all best Tm:1dh 1dv cg  LBh  LBv
1 20 300 190 0.79 10000 2820 0 0 20.11 0 0 
2 20 300 115 0.92 10000 709 0 0 0 0 0 
3 20 300 198 0.82 10000 1990 0 0 0 0 0 
4 20 300 140 0.93 10000 8715 0 0 8.67 0 0 
5 20 300 159 0.95 10000 2412 0 0 0 0 0 
6 20 300 215 0.89 10000 2045 0 0 0 0 0 
7 20 300 161 0.89 10000 83 0 0 0 0 0 
8 20 300 144 0.86 10000 178 0 0 0 0 0 
9 20 300 189 0.83 10000 3472 0 0 0 0 0 
10 20 300 203 0.84 10000 5431 0 0 0 0 0 
11 40 300 241 1.89 10000 2988 0 0 8.46 0 0 
12 40 300 310 1.86 10000 5219 0 0 4.14 0 0 
13 40 300 401 1.81 10000 1260 0 0 0 0 0 
14 40 300 361 1.68 10000 2279 0 0 0 0 0 
15 40 300 414 1.79 10000 2021 0 0 0 0 0 
16 40 300 303 1.75 10000 9342 0 0 0 0 0 
17 40 300 314 1.87 10000 2479 0 0 0 0 0 
18 40 300 436 1.65 10000 3339 0 0 0 0 0 
19 40 300 295 1.89 10000 2960 0 0 0 0 0 
20 40 300 298 1.98 10000 160 0 0 0 0 0 
21 60 300 591 2.71 10000 5151 0 0 6.3 0 0 
22 60 300 498 2.88 10000 3105 0 0 0 0 0 
23 60 300 537 2.74 10000 2220 0 0 0 0 0 
24 60 300 538 2.71 10000 4233 0 0 0 0 0 
25 60 300 474 3.09 10000 6622 0 0 0 0 0 
26 60 300 482 2.77 10000 1868 0 0 0 0 0 
27 60 300 430 2.87 10000 5406 0 0 0 0 0 
28 60 300 560 2.86 10000 3893 0 0 0 0 0 
29 60 300 502 2.82 10000 1220 0 0 0 0 0 
30 60 300 639 2.63 10000 9966 0 0 0 0 0 
31 80 300 658 3.97 10000 2640 0 0 3.96 0 0 
32 80 300 692 3.57 10000 1495 0 0 0 0 0 
33 80 300 675 3.81 10000 4775 0 0 1.69 0 0 
34 80 300 703 3.84 10000 3814 0 0 0 0 0 
35 80 300 679 4.04 10000 1746 0 0 0 0 0 
36 80 300 744 3.97 10000 5455 0 0 0 0 0 
37 80 300 787 3.72 10000 7432 0 0 0 0 0 
38 80 300 791 3.71 10000 9289 0 0 0 0 0 
39 80 300 809 3.73 10000 2359 0 0 0 0 0 
40 80 300 699 4.06 10000 2928 0 0 0 0 0 
41 100 300 779 5.37 10000 1880 0 0 2.8 0 0 
42 100 300 903 5.09 10000 381 0 0 0 0 0 
43 100 300 765 5.41 10000 1324 0 0 0 0 0 
44 100 300 827 5.26 10000 1174 0 0 0 0 0 
45 100 300 876 5.12 10000 2806 0 0 0 0 0 
46 100 300 1001 5 10000 9351 0 0 1.49 0 0 
47 100 300 795 4.99 10000 2653 0 0 0 0 0 
48 100 300 904 5.2 10000 3815 0 0 0 0 0 
49 100 300 854 5.09 10000 9916 0 0 0 0 0 
50 100 300 1007 5.04 10000 6331 0 0 0 0 0 

Sun Oct  9 20:03:46 2005
 inst  m   W   SVC: UB  tm it:all best Tm:1dh 1dv cg  LBh  LBv
1 20 300 194 1.93 10000 984 0 0 7.14 0 0 
2 20 300 116 1.62 10000 8533 0 0 5.51 0 0 
3 20 300 199 1.77 10000 29 0 0 0 0 0 
4 20 300 142 1.66 10000 6565 0 0 0 0 0 
5 20 300 164 1.67 10000 7066 0 0 0 0 0 
6 20 300 221 1.67 10000 2621 0 0 0 0 0 
7 20 300 158 1.65 10000 5045 0 0 0 0 0 
8 20 300 149 1.71 10000 8551 0 0 0 0 0 
9 20 300 187 1.88 10000 1528 0 0 0 0 0 
10 20 300 216 1.75 10000 1034 0 0 0 0 0 
11 40 300 243 4.61 10000 6358 0 0 3.79 0 0 
12 40 300 311 4.72 10000 7198 0 0 1.42 0 0 
13 40 300 404 5.12 10000 8048 0 0 0 0 0 
14 40 300 367 4.96 10000 3188 0 0 0 0 0 
15 40 300 416 4.95 10000 2684 0 0 0 0 0 
16 40 300 303 4.75 10000 2799 0 0 0 0 0 
17 40 300 313 4.63 10000 1175 0 0 0 0 0 
18 40 300 440 5.07 10000 3141 0 0 0 0 0 
19 40 300 291 4.93 10000 4490 0 0 0 0 0 
20 40 300 300 4.92 10000 2148 0 0 0 0 0 
21 60 300 597 9.66 10000 1862 0 0 1.55 0 0 
22 60 300 502 9.78 10000 4108 0 0 0.78 0 0 
23 60 300 541 10.29 10000 3956 0 0 0 0 0 
24 60 300 536 9.71 10000 2873 0 0 0 0 0 
25 60 300 477 9.49 10000 222 0 0 0 0 0 
26 60 300 481 9.39 10000 8809 0 0 0 0 0 
27 60 300 432 8.91 10000 7721 0 0 0 0 0 
28 60 300 557 9.2 10000 4918 0 0 0 0 0 
29 60 300 506 9.49 10000 2247 0 0 0 0 0 
30 60 300 636 10.05 10000 9067 0 0 0 0 0 
31 80 300 654 14.82 10000 6341 0 0 1.18 0 0 
32 80 300 692 15.91 10000 2111 0 0 0 0 0 
33 80 300 676 15.29 10000 5720 0 0 0 0 0 
34 80 300 707 15.3 10000 7955 0 0 0 0 0 
35 80 300 677 15.32 10000 7973 0 0 0 0 0 
36 80 300 744 15.17 10000 98 0 0 0 0 0 
37 80 300 786 16.14 10000 7407 0 0 0 0 0 
38 80 300 788 15.26 10000 4957 0 0 0 0 0 
39 80 300 812 15.95 10000 8114 0 0 0 0 0 
40 80 300 706 15.43 10000 7835 0 0 0 0 0 
41 100 300 781 22.69 10000 3415 0 0 0.71 0 0 
42 100 300 901 22.55 10000 5849 0 0 0.34 0 0 
43 100 300 772 21.75 10000 6331 0 0 0 0 0 
44 100 300 831 22.48 10000 4309 0 0 0 0 0 
45 100 300 879 22.58 10000 9904 0 0 0 0 0 
46 100 300 999 23.28 10000 667 0 0 0 0 0 
47 100 300 796 21.58 10000 1150 0 0 0 0 0 
48 100 300 906 22.6 10000 2483 0 0 0 0 0 
49 100 300 857 21.61 10000 3801 0 0 0 0 0 
50 100 300 1005 22.49 10000 3945 0 0 0 0 0 

Mon Oct 10 14:39:47 2005
 inst  m   W   SVC: UB  tm it:all best Tm:1dh 1dv cg  LBh  LBv
1 20 300 194 1.8 10000 5066 0 0 9.47 0 0 
2 20 300 119 1.59 10000 213 0 0 0 0 0 
3 20 300 199 1.77 10000 20 0 0 0 0 0 
4 20 300 144 1.62 10000 43 0 0 0 0 0 
5 20 300 167 1.62 10000 16 0 0 0 0 0 
6 20 300 221 1.66 10000 14 0 0 0 0 0 
7 20 300 161 1.61 10000 102 0 0 0 0 0 
8 20 300 149 1.69 10000 203 0 0 0 0 0 
9 20 300 187 1.83 10000 115 0 0 0 0 0 
10 20 300 216 1.61 10000 279 0 0 0 0 0 
11 40 300 245 4.27 10000 5431 0 0 4.02 0 0 
12 40 300 312 4.4 10000 1052 0 0 0 0 0 
13 40 300 405 4.79 10000 5091 0 0 0 0 0 
14 40 300 364 4.7 10000 265 0 0 0 0 0 
15 40 300 420 4.49 10000 532 0 0 0 0 0 
16 40 300 310 4.44 10000 5958 0 0 0 0 0 
17 40 300 315 4.29 10000 640 0 0 0 0 0 
18 40 300 442 4.4 10000 5664 0 0 0 0 0 
19 40 300 294 4.37 10000 1148 0 0 0 0 0 
20 40 300 296 4.57 10000 6852 0 0 0 0 0 
21 60 300 598 8.23 10000 5616 0 0 2.09 0 0 
22 60 300 504 8.71 10000 766 0 0 0 0 0 
23 60 300 541 8.93 10000 4981 0 0 0 0 0 
24 60 300 535 8.25 10000 1457 0 0 0 0 0 
25 60 300 474 8.17 10000 6678 0 0 0 0 0 
26 60 300 483 8.24 10000 60 0 0 0 0 0 
27 60 300 429 7.8 10000 4883 0 0 0 0 0 
28 60 300 561 8.16 10000 4834 0 0 0 0 0 
29 60 300 507 8.3 10000 2124 0 0 0 0 0 
30 60 300 640 8.63 10000 1322 0 0 0 0 0 
31 80 300 657 12.59 10000 1091 0 0 1.11 0 0 
32 80 300 692 13.17 10000 4977 0 0 0.62 0 0 
33 80 300 677 12.57 10000 4825 0 0 0 0 0 
34 80 300 706 12.49 10000 5347 0 0 0 0 0 
35 80 300 683 12.78 10000 426 0 0 0 0 0 
36 80 300 745 13.27 10000 9577 0 0 0 0 0 
37 80 300 790 13.44 10000 657 0.01 0 0 0 0 
38 80 300 789 13.23 10000 1412 0 0 0 0 0 
39 80 300 813 12.84 10000 9063 0 0 0 0 0 
40 80 300 707 12.4 10000 7358 0 0 0 0 0 
41 100 300 777 17.33 10000 2921 0 0 0.92 0 0 
42 100 300 897 17.66 10000 8778 0 0 0.49 0 0 
43 100 300 766 17.4 10000 1943 0 0 0 0 0 
44 100 300 829 17.85 10000 3118 0 0 0 0 0 
45 100 300 874 17.8 10000 2149 0 0 0 0 0 
46 100 300 1002 18.71 10000 71 0 0 0 0 0 
47 100 300 800 17.24 10000 1412 0 0 0 0 0 
48 100 300 910 17.94 10000 6819 0 0 0 0 0 
49 100 300 860 17.51 10000 513 0 0 0 0 0 
50 100 300 1006 18.07 10000 117 0 0 0 0 0 

Mon Oct 10 18:47:43 2005
 inst  m   W   SVC: UB  tm it:all best Tm:1dh 1dv cg  LBh  LBv
1 20 300 194 1.24 10000 5312 0 0 13.83 0 0 
2 20 300 115 1.19 10000 64 0 0 0 0 0 
3 20 300 201 1.24 10000 76 0 0 0 0 0 
4 20 300 144 1.17 10000 337 0 0 0 0 0 
5 20 300 164 1.26 10000 5557 0 0 0 0 0 
6 20 300 220 1.23 10000 5226 0 0 0 0 0 
7 20 300 161 1.22 10000 707 0 0 0 0 0 
8 20 300 149 1.25 10000 5008 0 0 0 0 0 
9 20 300 187 1.28 10000 842 0 0 0 0 0 
10 20 300 215 1.18 10000 4207 0 0 0 0 0 
11 40 300 243 2.98 10000 1926 0 0 5.07 0 0 
12 40 300 314 3.07 10000 333 0 0 0 0 0 
13 40 300 406 3.11 10000 2095 0 0 0 0 0 
14 40 300 364 3.02 10000 2851 0 0 0 0 0 
15 40 300 416 3.11 10000 2425 0 0 0 0 0 
16 40 300 309 2.97 10000 1578 0 0 0 0 0 
17 40 300 315 2.95 10000 5656 0 0 0 0 0 
18 40 300 438 2.95 10000 9043 0 0 0 0 0 
19 40 300 294 2.88 10000 6113 0 0 0 0 0 
20 40 300 297 3.12 10000 1969 0 0 0 0 0 
21 60 300 593 5.31 10000 1214 0 0 2.67 0 0 
22 60 300 502 5.42 10000 7157 0 0 1.6 0 0 
23 60 300 540 5.46 10000 7020 0.01 0 0 0 0 
24 60 300 537 5.3 10000 3488 0 0 0 0 0 
25 60 300 478 5.33 10000 4459 0 0 0 0 0 
26 60 300 484 5.09 10000 7997 0 0 0 0 0 
27 60 300 434 5.33 10000 8070 0 0 0 0 0 
28 60 300 564 5.25 10000 2956 0 0 0 0 0 
29 60 300 504 5.38 10000 5233 0 0 0 0 0 
30 60 300 640 5.6 10000 587 0 0 0 0 0 
31 80 300 655 8.02 10000 344 0 0 1.45 0 0 
32 80 300 696 8.18 10000 140 0 0 0 0 0 
33 80 300 676 7.79 10000 7067 0 0 1.12 0 0 
34 80 300 708 7.9 10000 5957 0 0 0 0 0 
35 80 300 681 7.95 10000 623 0 0 0 0 0 
36 80 300 746 8.33 10000 3609 0 0 0 0 0 
37 80 300 784 8.44 10000 2793 0 0 0 0 0 
38 80 300 794 8.15 10000 1364 0 0 0 0 0 
39 80 300 809 7.85 10000 6897 0 0 0 0 0 
40 80 300 704 8.01 10000 2997 0 0 0 0 0 
41 100 300 779 10.8 10000 7687 0 0 1.65 0 0 
42 100 300 901 10.86 10000 6380 0 0 0 0 0 
43 100 300 766 10.9 10000 9472 0 0 0 0 0 
44 100 300 826 11.18 10000 865 0 0 0 0 0 
45 100 300 878 11.05 10000 8546 0 0 0 0 0 
46 100 300 1001 11.51 10000 5770 0 0 0 0 0 
47 100 300 796 10.82 10000 2196 0 0 0 0 0 
48 100 300 904 11.23 10000 8125 0 0 0 0 0 
49 100 300 856 10.8 10000 4101 0 0 0 0 0 
50 100 300 1003 11.53 10000 1251 0 0 0 0 0 

Tue Oct 11 12:54:58 2005
 inst  m   W   SVC: UB  tm it:all best Tm:1dh 1dv cg  LBh  LBv
1 20 300 190 0.74 10000 2382 0 0 21.01 0 0 
2 20 300 115 0.87 10000 1293 0 0 0 0 0 
3 20 300 198 0.76 10000 8980 0 0 11.28 0 0 
4 20 300 142 0.87 10000 110 0 0 0 0 0 
5 20 300 161 0.88 10000 453 0 0 0 0 0 
6 20 300 215 0.81 10000 4440 0 0 0 0 0 
7 20 300 161 0.82 10000 34 0 0 0 0 0 
8 20 300 149 0.8 10000 13 0 0 0 0 0 
9 20 300 187 0.76 10000 1536 0 0 0 0 0 
10 20 300 208 0.78 10000 3535 0 0 0 0 0 
11 40 300 242 1.75 10000 988 0 0 7.88 0 0 
12 40 300 310 1.69 10000 7613 0 0 5.2 0 0 
13 40 300 406 1.68 10000 578 0 0 0 0 0 
14 40 300 365 1.57 10000 1157 0 0 0 0 0 
15 40 300 413 1.65 10000 7059 0 0 0 0 0 
16 40 300 306 1.63 10000 6573 0 0 0 0 0 
17 40 300 315 1.72 10000 96 0 0 0 0 0 
18 40 300 436 1.52 10000 906 0 0 0 0 0 
19 40 300 294 1.73 10000 4602 0 0 0 0 0 
20 40 300 297 1.8 10000 8697 0 0 0 0 0 
21 60 300 590 2.48 10000 9768 0 0 7.4 0 0 
22 60 300 501 2.65 10000 8716 0 0 0 0 0 
23 60 300 534 2.52 10000 7746 0 0 0 0 0 
24 60 300 536 2.5 10000 4278 0 0 0 0 0 
25 60 300 475 2.86 10000 1427 0 0 0 0 0 
26 60 300 484 2.57 10000 1616 0 0 0 0 0 
27 60 300 430 2.63 10000 382 0 0 0 0 0 
28 60 300 556 2.61 10000 8309 0 0 0 0 0 
29 60 300 500 2.61 10000 6156 0 0 0 0 0 
30 60 300 638 2.42 10000 1011 0 0 0 0 0 
31 80 300 658 3.68 10000 305 0 0 3.1 0 0 
32 80 300 694 3.32 10000 8757 0 0 2.72 0 0 
33 80 300 679 3.5 10000 186 0 0 0 0 0 
34 80 300 706 3.5 10000 5171 0 0 0 0 0 
35 80 300 675 3.69 10000 8093 0 0 0 0 0 
36 80 300 743 3.66 10000 1829 0 0 0 0 0 
37 80 300 789 3.45 10000 8840 0 0 0 0 0 
38 80 300 791 3.42 10000 8297 0 0 0 0 0 
39 80 300 806 3.41 10000 43 0 0 0 0 0 
40 80 300 701 3.7 10000 9440 0 0 0 0 0 
41 100 300 780 4.97 10000 4075 0 0 3.34 0 0 
42 100 300 902 4.72 10000 5754 0 0 1.57 0 0 
43 100 300 764 4.93 10000 7787 0 0 0 0 0 
44 100 300 825 4.82 10000 6184 0 0 0 0 0 
45 100 300 874 4.73 10000 8102 0 0 0 0 0 
46 100 300 998 4.64 10000 4598 0 0 0 0 0 
47 100 300 796 4.58 10000 4710 0 0 0 0 0 
48 100 300 903 4.75 10000 5955 0 0 0 0 0 
49 100 300 855 4.72 10000 8116 0 0 0 0 0 
50 100 300 1005 4.65 10000 9605 0 0 0 0 0 

Fri Oct 21 17:40:47 2005
 inst  m   W   SVC: UB  tm it:all best Tm:1dh 1dv cg  LBh  LBv
1 20 300 196 1.53 10000 3167 0 4.53634e-316 1.17709e-312 -1.07375e+09 0 
2 20 300 119 1.25 10000 160 0 4.53634e-316 1.17709e-312 -1.07375e+09 0 
3 20 300 199 1.42 10000 34 0 4.53634e-316 1.17709e-312 -1.07375e+09 0 
4 20 300 144 1.32 10000 61 0 4.53634e-316 1.17709e-312 -1.07375e+09 0 
5 20 300 164 1.38 10000 6075 0 4.53634e-316 1.17709e-312 -1.07375e+09 0 
6 20 300 222 1.4 10000 59 0 4.53634e-316 1.17709e-312 -1.07375e+09 0 
7 20 300 161 1.27 10000 42 0 4.53634e-316 1.17709e-312 -1.07375e+09 0 
8 20 300 151 1.36 10000 5016 0 4.53634e-316 1.17709e-312 -1.07375e+09 0 
9 20 300 194 1.5 10000 102 0 4.53634e-316 1.17709e-312 -1.07375e+09 0 
10 20 300 216 1.34 10000 55 0 4.53634e-316 1.17709e-312 -1.07375e+09 0 
11 40 300 245 3.59 10000 621 0 4.53634e-316 1.17709e-312 -1.07375e+09 0 
12 40 300 311 3.66 10000 80 0 4.53634e-316 1.17709e-312 -1.07375e+09 0 
13 40 300 403 4.04 10000 7805 0 4.53634e-316 1.17709e-312 -1.07375e+09 0 
14 40 300 365 3.99 10000 3280 0 4.53634e-316 1.17709e-312 -1.07375e+09 0 
15 40 300 417 3.8 10000 3907 0 4.53634e-316 1.17709e-312 -1.07375e+09 0 
16 40 300 309 3.73 10000 5764 0 4.53634e-316 1.17709e-312 -1.07375e+09 0 
17 40 300 316 3.55 10000 5223 0 4.53634e-316 1.17709e-312 -1.07375e+09 0 
18 40 300 440 3.83 10000 189 0 4.53634e-316 1.17709e-312 -1.07375e+09 0 
19 40 300 294 3.77 10000 408 0 4.53634e-316 1.17709e-312 -1.07375e+09 0 
20 40 300 300 3.92 10000 6729 0 4.53634e-316 1.17709e-312 -1.07375e+09 0 
21 60 300 596 7.11 10000 7747 0 4.53634e-316 1.17709e-312 -1.07375e+09 0 
22 60 300 503 7.42 10000 9746 0 4.53634e-316 1.17709e-312 -1.07375e+09 0 
23 60 300 537 7.86 10000 124 0 4.53634e-316 1.17709e-312 -1.07375e+09 0 
24 60 300 534 7.02 10000 950 0 4.53634e-316 1.17709e-312 -1.07375e+09 0 
25 60 300 475 7.01 10000 7553 0 4.53634e-316 1.17709e-312 -1.07375e+09 0 
26 60 300 482 7.18 10000 5222 0 4.53634e-316 1.17709e-312 -1.07375e+09 0 
27 60 300 429 6.76 10000 6046 0 4.53634e-316 1.17709e-312 -1.07375e+09 0 
28 60 300 562 7.05 10000 4589 0 4.53634e-316 1.17709e-312 -1.07375e+09 0 
29 60 300 503 7.25 10000 5240 0 4.53634e-316 1.17709e-312 -1.07375e+09 0 
30 60 300 641 7.68 10000 2427 0 4.53634e-316 1.17709e-312 -1.07375e+09 0 
31 80 300 654 11.03 10000 957 0 4.53634e-316 1.17709e-312 -1.07375e+09 0 
32 80 300 691 11.7 10000 84 0 4.53634e-316 1.17709e-312 -1.07375e+09 0 
33 80 300 674 11.11 10000 2302 0 4.53634e-316 1.17709e-312 -1.07375e+09 0 
34 80 300 707 11.04 10000 302 0 4.53634e-316 1.17709e-312 -1.07375e+09 0 
35 80 300 683 11.32 10000 1833 0 4.53634e-316 1.17709e-312 -1.07375e+09 0 
36 80 300 744 11.61 10000 6287 0 4.53634e-316 1.17709e-312 -1.07375e+09 0 
37 80 300 785 11.88 10000 9314 0 4.53634e-316 1.17709e-312 -1.07375e+09 0 
38 80 300 789 11.66 10000 721 0 4.53634e-316 1.17709e-312 -1.07375e+09 0 
39 80 300 813 11.39 10000 747 0 4.53634e-316 1.17709e-312 -1.07375e+09 0 
40 80 300 707 11.11 10000 114 0 4.53634e-316 1.17709e-312 -1.07375e+09 0 
41 100 300 779 15.4 10000 8854 0 4.53634e-316 1.17709e-312 -1.07375e+09 0 
42 100 300 902 15.68 10000 138 0 4.53634e-316 1.17709e-312 -1.07375e+09 0 
43 100 300 770 15.29 10000 4050 0 4.53634e-316 1.17709e-312 -1.07375e+09 0 
44 100 300 831 15.87 10000 8577 0 4.53634e-316 1.17709e-312 -1.07375e+09 0 
45 100 300 875 15.82 10000 697 0 4.53634e-316 1.17709e-312 -1.07375e+09 0 
46 100 300 999 17.01 10000 2556 0 4.53634e-316 1.17709e-312 -1.07375e+09 0 
47 100 300 796 15.21 10000 7436 0 4.53634e-316 1.17709e-312 -1.07375e+09 0 
48 100 300 906 16.25 10000 5557 0 4.53634e-316 1.17709e-312 -1.07375e+09 0 
49 100 300 857 15.29 10000 5319 0 4.53634e-316 1.17709e-312 -1.07375e+09 0 
50 100 300 1007 16.13 10000 1529 0 4.53634e-316 1.17709e-312 -1.07375e+09 0 

Sun Oct 23 19:29:11 2005
 inst  m   W   SVC: UB  tm it:all best Tm:1dh 1dv cg  LBh  LBv

Sun Oct 23 19:29:46 2005
 inst  m   W   SVC: UB  tm it:all best Tm:1dh 1dv cg  LBh  LBv

Sun Oct 23 19:32:43 2005
 inst  m   W   SVC: UB  tm it:all best Tm:1dh 1dv cg  LBh  LBv

Sun Oct 23 19:34:12 2005
 inst  m   W   SVC: UB  tm it:all best Tm:1dh 1dv cg  LBh  LBv

Sun Oct 23 19:36:37 2005
 inst  m   W   SVC: UB  tm it:all best Tm:1dh 1dv cg  LBh  LBv

Sun Oct 23 19:38:43 2005
 inst  m   W   SVC: UB  tm it:all best Tm:1dh 1dv cg  LBh  LBv

Sun Oct 23 19:47:18 2005
 inst  m   W   SVC: UB  tm it:all best Tm:1dh 1dv cg  LBh  LBv

Mon Oct 24 10:57:46 2005
 inst  m   W   SVC: UB  tm it:all best Tm:1dh 1dv cg  LBh  LBv
1 20 300 194 1.48 10000 3023 
2 20 300 115 1.26 10000 1524 
3 20 300 198 1.34 10000 1525 
4 20 300 144 1.26 10000 14 
5 20 300 168 1.25 10000 22 
6 20 300 221 1.3 10000 38 
7 20 300 163 1.22 10000 6018 
8 20 300 149 1.37 10000 425 
9 20 300 187 1.52 10000 3014 
10 20 300 212 1.31 10000 2085 
11 40 300 243 3.55 10000 7416 
12 40 300 312 3.63 10000 6339 
13 40 300 403 4.03 10000 3269 
14 40 300 363 3.93 10000 5289 
15 40 300 417 3.8 10000 7773 
16 40 300 303 3.76 10000 8486 
17 40 300 316 3.61 10000 2175 
18 40 300 442 3.72 10000 196 
19 40 300 294 3.67 10000 9622 
20 40 300 299 3.79 10000 9099 
21 60 300 596 7.29 10000 3030 
22 60 300 500 7.53 10000 1430 
23 60 300 538 8.11 10000 1322 
24 60 300 537 7.2 10000 1621 
25 60 300 477 7.08 10000 6190 
26 60 300 482 7.27 10000 9660 
27 60 300 430 6.94 10000 3956 
28 60 300 556 7.29 10000 9914 
29 60 300 501 7.38 10000 8861 
30 60 300 643 7.75 10000 4787 
31 80 300 653 11.34 10000 8498 
32 80 300 691 12.06 10000 3168 
33 80 300 674 11.26 10000 1143 
34 80 300 702 11.13 10000 1627 
35 80 300 681 11.71 10000 4710 
36 80 300 742 12 10000 685 
37 80 300 786 12.39 10000 18 
38 80 300 787 12.04 10000 2276 
39 80 300 815 11.71 10000 1862 
40 80 300 705 11.35 10000 8512 
41 100 300 780 15.8 10000 2746 
42 100 300 899 16.23 10000 4969 
43 100 300 767 15.93 10000 9275 
44 100 300 829 16.53 10000 8823 
45 100 300 873 16.33 10000 482 
46 100 300 998 17.35 10000 3767 
47 100 300 795 15.78 10000 6544 
48 100 300 905 16.63 10000 2465 
49 100 300 856 15.76 10000 597 
50 100 300 1004 16.57 10000 4037 

Mon Oct 24 12:51:03 2005
 inst  m   W   SVC: UB  tm it:all best Tm:1dh 1dv cg  LBh  LBv
1 20 300 196 1.42 10000 7892 
2 20 300 117 1.24 10000 4648 
3 20 300 199 1.37 10000 40 
4 20 300 144 1.26 10000 22 
5 20 300 166 1.23 10000 1545 
6 20 300 220 1.32 10000 1507 
7 20 300 161 1.25 10000 6168 
8 20 300 151 1.37 10000 178 
9 20 300 187 1.46 10000 14 
10 20 300 215 1.27 10000 4621 
11 40 300 243 3.57 10000 3576 
12 40 300 312 3.65 10000 127 
13 40 300 400 4 10000 4536 
14 40 300 366 3.98 10000 981 
15 40 300 417 3.78 10000 3905 
16 40 300 307 3.64 10000 3528 
17 40 300 316 3.56 10000 6270 
18 40 300 438 3.66 10000 3396 
19 40 300 294 3.62 10000 9311 
20 40 300 296 3.86 10000 5901 
21 60 300 597 7.36 10000 3247 
22 60 300 502 7.53 10000 3495 
23 60 300 538 8.06 10000 5835 
24 60 300 531 7.27 10000 3303 
25 60 300 474 7.01 10000 8141 
26 60 300 482 7.09 10000 7619 
27 60 300 429 6.8 10000 3733 
28 60 300 553 7.26 10000 4189 
29 60 300 504 7.18 10000 2529 
30 60 300 638 7.73 10000 1514 
31 80 300 655 11.37 10000 2625 
32 80 300 695 11.94 10000 8882 
33 80 300 675 11.42 10000 1194 
34 80 300 708 11.09 10000 5509 
35 80 300 684 11.7 10000 4979 
36 80 300 744 11.92 10000 6694 
37 80 300 787 12.41 10000 8680 
38 80 300 789 12.16 10000 7837 
39 80 300 815 11.64 10000 2426 
40 80 300 708 11.33 10000 3976 
41 100 300 778 15.98 10000 861 
42 100 300 899 16.04 10000 819 
43 100 300 766 15.94 10000 3448 
44 100 300 828 16.66 10000 7545 
45 100 300 876 16.45 10000 2485 
46 100 300 993 17.09 10000 3290 
47 100 300 795 15.8 10000 8993 
48 100 300 904 16.87 10000 5712 
49 100 300 859 16.02 10000 7312 
50 100 300 1003 16.74 10000 9704 

Mon Oct 24 14:57:21 2005
 inst  m   W   SVC: UB  tm it:all best Tm:1dh 1dv cg  LBh  LBv
1 20 300 194 1.41 10000 501 
2 20 300 117 1.19 10000 9556 
3 20 300 199 1.32 10000 110 
4 20 300 144 1.24 10000 29 
5 20 300 167 1.25 10000 670 
6 20 300 222 1.28 10000 163 
7 20 300 161 1.25 10000 22 
8 20 300 149 1.37 10000 5367 
9 20 300 194 1.47 10000 38 
10 20 300 216 1.29 10000 161 
11 40 300 244 3.56 10000 1739 
12 40 300 310 3.64 10000 307 
13 40 300 405 4.04 10000 5346 
14 40 300 365 4.09 10000 6655 
15 40 300 415 3.93 10000 5511 
16 40 300 308 3.75 10000 2195 
17 40 300 314 3.59 10000 1204 
18 40 300 439 3.81 10000 9989 
19 40 300 293 3.79 10000 1866 
20 40 300 299 3.86 10000 664 
21 60 300 591 7.65 10000 4896 
22 60 300 499 7.69 10000 3716 
23 60 300 537 7.95 10000 181 
24 60 300 535 7.2 10000 5322 
25 60 300 475 7.25 10000 78 
26 60 300 480 7.29 10000 6268 
27 60 300 432 6.86 10000 54 
28 60 300 557 7.34 10000 7499 
29 60 300 500 7.29 10000 8021 
30 60 300 634 7.95 10000 9316 
31 80 300 654 11.35 10000 9307 
32 80 300 692 11.97 10000 5361 
33 80 300 672 11.49 10000 1557 
34 80 300 703 11.24 10000 5529 
35 80 300 678 11.88 10000 5252 
36 80 300 743 12.07 10000 7295 
37 80 300 783 12.37 10000 5739 
38 80 300 787 11.94 10000 7530 
39 80 300 808 11.85 10000 6193 
40 80 300 704 11.38 10000 8425 
41 100 300 778 16.12 10000 2161 
42 100 300 898 16.25 10000 352 
43 100 300 765 16.2 10000 948 
44 100 300 827 16.96 10000 8474 
45 100 300 873 16.9 10000 8850 
46 100 300 997 17.73 10000 7693 
47 100 300 794 15.93 10000 653 
48 100 300 907 17.11 10000 6252 
49 100 300 857 15.94 10000 2006 
50 100 300 998 17.07 10000 335 

Fri Oct 28 05:43:47 2005
inst  m   W   SVC: UB  it_best/all tm_best/all gap%  TmRow: 5 30 300 3600 inf
1 20 300 190 1826 559627 0.4 120 5.5 190 190 190 190 190 190 
2 20 300 116 550018 640925 103 120 7.4 117 117 116 116 116 116 
3 20 300 195 30113 580116 6.13 120 5.4 196 195 195 195 195 195 
4 20 300 140 510018 607691 100 120 7.6 142 141 140 140 140 140 
5 20 300 159 620037 624954 119 120 8.9 166 164 159 159 159 159 
6 20 300 217 240070 569127 50.6 120 7.9 219 219 217 217 217 217 
7 20 300 158 300150 624279 57.4 120 10 161 161 158 158 158 158 
8 20 300 143 90121 601867 17.7 120 5.9 149 143 143 143 143 143 
9 20 300 186 4321 540341 1.03 120 5.6 186 186 186 186 186 186 
10 20 300 206 82593 569171 17.3 120 5.6 210 206 206 206 206 206 
11 40 300 240 10532 219822 5.72 120 3.4 241 240 240 240 240 240 
12 40 300 307 36910 209757 21.1 120 3 309 307 307 307 307 307 
13 40 300 398 140720 197927 85.2 120 3.3 400 400 398 398 398 398 
14 40 300 360 92615 198546 55.2 120 3.4 362 361 360 360 360 360 
15 40 300 412 26519 207821 15.5 120 3.7 414 412 412 412 412 412 
16 40 300 303 34049 217169 18.8 120 3.4 308 303 303 303 303 303 
17 40 300 311 41275 214101 23.3 120 2.6 314 311 311 311 311 311 
18 40 300 433 54578 204510 32 120 3.8 436 435 433 433 433 433 
19 40 300 291 120584 202944 71.3 120 3.9 293 292 291 291 291 291 
20 40 300 291 170361 202385 101 120 3.1 295 293 291 291 291 291 
21 60 300 587 101699 105957 115 120 3.1 591 588 587 587 587 587 
22 60 300 495 10131 108445 11.4 120 2.9 497 495 495 495 495 495 
23 60 300 533 30113 105461 34.9 120 3.2 537 536 533 533 533 533 
24 60 300 528 33807 111694 36.6 120 2.1 533 533 528 528 528 528 
25 60 300 469 59138 111230 63.7 120 2.8 471 471 469 469 469 469 
26 60 300 476 97937 111118 106 120 2.8 478 477 476 476 476 476 
27 60 300 427 43999 116220 45.8 120 2.6 430 428 427 427 427 427 
28 60 300 554 38886 109818 42.9 120 3.1 555 555 554 554 554 554 
29 60 300 499 513 113026 0.59 120 3 499 499 499 499 499 499 
30 60 300 632 18480 101132 21.9 120 3.2 634 632 632 632 632 632 
31 80 300 648 32825 71005 55.3 120 2 654 651 648 648 648 648 
32 80 300 688 26696 70360 46 120 2.6 691 689 688 688 688 688 
33 80 300 668 18679 72876 30.6 120 2.6 674 670 668 668 668 668 
34 80 300 700 57002 72513 95 120 2.6 702 702 700 700 700 700 
35 80 300 672 41097 68030 72.8 120 2.5 678 676 672 672 672 672 
36 80 300 737 6496 69881 11.2 120 2.3 744 737 737 737 737 737 
37 80 300 780 47318 67895 83.8 120 2.7 783 783 780 780 780 780 
38 80 300 782 37821 69480 65.5 120 2.4 787 785 782 782 782 782 
39 80 300 804 60552 66468 109 120 2.8 809 805 804 804 804 804 
40 80 300 696 47701 67676 84.2 120 2.3 702 701 696 696 696 696 
41 100 300 774 19159 51240 44.4 120 2.7 778 775 774 774 774 774 
42 100 300 897 17825 51284 41.7 120 2.7 898 898 897 897 897 897 
43 100 300 760 18652 49427 45.2 120 2.5 765 762 760 760 760 760 
44 100 300 821 23614 47912 58.6 120 2.4 823 823 821 821 821 821 
45 100 300 869 30165 48531 74.6 120 2.4 872 870 869 869 869 869 
46 100 300 992 30281 46602 78.4 120 2.5 995 994 992 992 992 992 
47 100 300 789 2766 53425 6.07 120 2.3 794 789 789 789 789 789 
48 100 300 897 5933 47334 15 120 2.2 899 897 897 897 897 897 
49 100 300 851 45161 50091 108 120 2.4 854 853 851 851 851 851 
50 100 300 999 4272 48823 10.7 120 2.3 1005 999 999 999 999 999 

Wed Aug 31 11:41:56 2011

[BL] fImproved 1 pInvertShove 0 0.03  [Solver] instFirst 1 instLast 1000000 statPeriod 10 fWriteSolution 0 [Sub_2DSPP] nScaleW 0 vsp -0.8 0.5  pTower 0 0  pChangeP_TIP 0.01 pInvertHole 0 0.05  pPermutateHole 0.8 1  pBubbleHole 0.6 0.9  [SVC_2DSPP] MaxTime 360 MaxIter 1e+100 NIterRandom 0 NIterSVC 1 ValReset 1000 19000  blockw_pow 2.1 0.1  p_bwpnew 0.1 BaseOrdering 2 1 1 1  p_choose 0.6 0.6  
inst  m   W   SVC: UB  it_best/all tm_best/all gap%  TmRow: 10 60 inf ave_best^
1 20 300 187 722 2321332 0.11 360 3.8 187 187 187 187
2 20 300 115 2237 2740676 0.29 361 6.4 115 115 115 151
3 20 300 192 15407 2274395 2.46 360 3.7 192 192 192 164.667
4 20 300 137 283993 2564755 39.8 361 5.3 140 137 137 157.75
5 20 300 157 1654325 2632259 227 361 7.5 161 158 157 157.6
6 20 300 215 811129 2422492 121 362 6.9 217 217 215 167.167
7 20 300 155 709624 2537164 101 362 8.3 156 156 155 165.429
8 20 300 142 302954 2475841 44.4 361 5.1 144 142 142 162.5
9 20 300 186 43553 2164610 7.26 361 5.6 186 186 186 165.111
10 20 300 203 4802 2365569 0.74 361 4.1 203 203 203 168.9
11 40 300 238 68578 989239 25 361 2.5 239 238 238 175.182
12 40 300 305 124561 935891 48.1 360 2.3 306 305 305 186
13 40 300 394 606484 897573 245 362 2.3 396 396 394 202
14 40 300 357 66812 885283 27.2 361 2.5 358 357 357 213.071
15 40 300 409 22135 913521 8.72 361 3 409 409 409 226.133
16 40 300 301 8638 973482 3.18 361 2.7 301 301 301 230.812
17 40 300 308 360002 970697 134 361 1.6 310 309 308 235.353
18 40 300 425 434556 903254 174 362 1.9 430 429 425 245.889
19 40 300 288 416520 937910 161 361 2.8 290 289 288 248.105
20 40 300 290 398813 928887 156 362 2.8 292 292 290 250.2
21 60 300 581 161253 521449 112 360 2.1 586 584 581 265.952
22 60 300 490 3402 536398 2.28 360 1.8 490 490 490 276.136
23 60 300 526 432452 514865 304 362 1.9 528 528 526 287
24 60 300 528 316725 546412 209 360 2.1 530 529 528 297.042
25 60 300 466 391028 540677 262 362 2.1 469 467 466 303.8
26 60 300 473 35385 537014 23.8 361 2.1 475 473 473 310.308
27 60 300 422 297445 560016 191 360 1.4 425 425 422 314.444
28 60 300 549 307378 536078 206 361 2.2 552 550 549 322.821
29 60 300 495 37044 539003 24.8 361 2.2 496 495 495 328.759
30 60 300 626 321455 490497 237 361 2.2 631 629 626 338.667
31 80 300 645 133946 368872 132 361 1.5 649 647 645 348.548
32 80 300 683 196603 361227 196 361 1.9 684 684 683 359
33 80 300 662 145194 381865 138 361 1.6 665 663 662 368.182
34 80 300 695 123130 375372 119 361 1.9 697 696 695 377.794
35 80 300 668 242315 360901 242 361 1.9 670 669 668 386.086
36 80 300 733 147102 368761 144 361 1.8 737 736 733 395.722
37 80 300 775 143489 351750 148 362 2.1 779 776 775 405.973
38 80 300 778 19129 364921 18.9 360 1.9 780 778 778 415.763
39 80 300 795 269011 351139 277 361 1.6 800 799 795 425.487
40 80 300 692 222456 365752 220 362 1.7 695 693 692 432.15
41 100 300 767 62883 274010 83 361 1.8 770 769 767 440.317
42 100 300 890 63608 278893 82.4 361 1.9 891 891 890 451.024
43 100 300 754 47922 273970 63.7 362 1.7 756 756 754 458.07
44 100 300 816 121267 264185 167 361 1.8 818 817 816 466.205
45 100 300 863 76212 266027 103 360 1.7 865 864 863 475.022
46 100 300 985 189091 260005 262 360 1.8 988 987 985 486.109
47 100 300 784 205387 286463 258 360 1.6 787 786 784 492.447
48 100 300 891 155512 265692 212 362 1.5 896 894 891 500.75
49 100 300 843 259971 274131 343 361 1.4 848 846 843 507.735
50 100 300 992 351 270768 0.46 362 1.6 992 992 992 517.42

Wed Sep 14 11:04:30 2011

[BL] fImproved 1 pInvertShove 0 0.03  [Solver] instFirst 1 instLast 1000000 statPeriod 10 fWriteSolution 0 [Sub_2DSPP] nScaleW 0 vsp -0.8 0.5  pTower 0 0  pChangeP_TIP 0.01 pInvertHole 0 0.05  pPermutateHole 0.8 1  pBubbleHole 0.6 0.9  [SVC_2DSPP] MaxTime 360 MaxIter 1e+100 NIterRandom 0 NIterSVC 1 ValReset 1000 19000  blockw_pow 2.1 0.1  p_bwpnew 0.1 BaseOrdering 2 1 1 1  p_choose 0.6 0.6  
inst  m   W   SVC: UB  it_best/all tm_best/all gap%  TmRow: 10 60 inf ave_best^
1 20 300 187 722 3278719 0.08 361 3.8 187 187 187 187
2 20 300 115 2237 3842988 0.2 361 6.4 115 115 115 151
3 20 300 192 15407 3222188 1.74 361 3.7 192 192 192 164.667
4 20 300 137 283993 3580427 28.6 361 5.3 138 137 137 157.75
5 20 300 157 1654325 3642211 163 360 7.5 158 158 157 157.6
6 20 300 215 811129 3366002 86.9 360 6.9 217 217 215 167.167
7 20 300 153 2899312 3532022 296 361 6.9 156 156 153 165.143
8 20 300 142 302954 3495738 31.2 361 5.1 144 142 142 162.25
9 20 300 184 2411293 3053789 285 361 4.5 186 186 184 164.667
10 20 300 203 4802 3317293 0.52 360 4.1 203 203 203 168.5
11 40 300 238 68578 1388299 17.9 362 2.5 239 238 238 174.818
12 40 300 305 124561 1314137 34.1 361 2.3 306 305 305 185.667
13 40 300 394 606484 1266602 172 360 2.3 396 395 394 201.692
14 40 300 356 981735 1252184 282 360 2.2 358 357 356 212.714
15 40 300 408 1158783 1293009 324 362 2.7 409 409 408 225.733
16 40 300 301 8638 1368371 2.27 362 2.7 301 301 301 230.438
17 40 300 308 360002 1351869 95.6 360 1.6 309 309 308 235
18 40 300 425 434556 1275900 123 362 1.9 430 429 425 245.556
19 40 300 288 416520 1319610 114 361 2.8 290 289 288 247.789
20 40 300 290 398813 1300663 110 360 2.8 292 292 290 249.9
21 60 300 581 161253 736142 79 361 2.1 585 582 581 265.667
22 60 300 490 3402 751218 1.61 360 1.8 490 490 490 275.864
23 60 300 526 432452 723195 215 360 1.9 528 528 526 286.739
24 60 300 527 625011 769261 293 361 1.9 529 529 527 296.75
25 60 300 466 391028 757568 186 361 2.1 468 467 466 303.52
26 60 300 472 626075 761882 297 361 1.9 475 473 472 310
27 60 300 422 297445 790265 136 360 1.4 425 425 422 314.148
28 60 300 549 307378 758058 146 361 2.2 552 550 549 322.536
29 60 300 493 624992 757651 298 361 1.8 496 495 493 328.414
30 60 300 626 321455 693515 167 361 2.2 630 629 626 338.333
31 80 300 645 133946 521060 92.9 361 1.5 648 646 645 348.226
32 80 300 683 196603 512071 138 361 1.9 684 684 683 358.688
33 80 300 662 145194 540012 96.6 361 1.6 663 663 662 367.879
34 80 300 695 123130 527838 83.9 360 1.9 697 696 695 377.5
35 80 300 668 242315 507887 172 361 1.9 670 669 668 385.8
36 80 300 733 147102 519256 102 360 1.8 737 736 733 395.444
37 80 300 775 143489 496524 104 360 2.1 779 776 775 405.703
38 80 300 778 19129 519885 13.4 361 1.9 780 778 778 415.5
39 80 300 795 269011 495059 196 361 1.6 800 799 795 425.231
40 80 300 692 222456 511456 157 361 1.7 694 693 692 431.9
41 100 300 767 62883 385275 58.8 360 1.8 770 767 767 440.073
42 100 300 890 63608 393071 58.1 360 1.9 891 890 890 450.786
43 100 300 754 47922 384135 45.2 361 1.7 756 754 754 457.837
44 100 300 814 371330 373275 359 361 1.6 818 817 814 465.932
45 100 300 863 76212 378491 73 362 1.7 865 864 863 474.756
46 100 300 984 285983 365883 282 361 1.7 987 986 984 485.826
47 100 300 783 317153 404906 282 361 1.5 787 786 783 492.149
48 100 300 891 155512 375157 149 361 1.5 896 893 891 500.458
49 100 300 843 259971 384824 243 360 1.4 848 846 843 507.449
50 100 300 992 351 382228 0.33 361 1.6 992 992 992 517.14
