C_7_301
 20
100
 56  75
 98  27
 74  24
 99  34
 80   1
 84  43
 88   6
 89   6
 98  38
 78  21
 75  49
 31  93
 90  37
 21  73
 71   4
 93  35
 89  48
 90  12
 13  79
 10  42

C_7_302
 20
100
 90   9
 99   6
 77   4
 11  97
 74  50
 84  13
 72   1
 97   8
 74  53
 66  81
 76  10
 94  33
 90  19
 68  61
 89  30
100  19
 72  45
 88   4
 74  13
 19  77

C_7_303
 20
100
 85  32
 25  26
 93  32
 96  46
 86  36
 16  97
 98  42
 94  21
 94   1
 19  83
 76  14
100   8
 76  29
 88  19
 96  47
 20  70
  2  78
 72  23
 36  42
 66  17

C_7_304
 20
100
 73  20
 84  31
 77  37
 78  55
 84  31
 71  33
 93   4
 76  13
 54  53
  2  98
 82  33
 65  82
 97  39
 70  21
 79  23
 26  74
 47  35
 82   8
 76  75
 99  55

C_7_305
 20
100
 97  48
 71  18
  9  46
 94  49
 82  22
 67  33
 96  25
 94  19
 15   7
 71   8
 90  66
 68   1
 78   4
 84  46
 99  20
 84  44
 87  13
 69  45
 78  34
 74  49

C_7_306
 20
100
 70   7
 12  95
 90  42
 99  48
 43  86
 92  31
 85  21
 87  42
 41  15
 84  31
 32  11
 83  48
 66  11
 27  43
 98  13
 87  16
 81  19
 92  16
 82  27
 99  45

C_7_307
 20
100
 67  48
 11  35
 96  16
 98  10
 92  12
 11  39
 90  35
 68  20
 35  37
 82   4
 92  16
 80  41
 96  24
 99  32
 67   9
 66  25
 75  22
 89  21
 29  74
 43  19

C_7_308
 20
100
 68  43
 72  39
 67  42
 84  20
 67  19
 81   5
 69  23
 97  43
 73   6
 98  33
 80  17
 84  27
 83  55
 34  81
 99  22
 19  22
 76  17
 88  24
 86  89
 23  29

C_7_309
 20
100
 78  27
 99  22
 49  86
 91  45
  7  90
 84  45
 95  44
 80  24
 70   5
 68  80
 99  20
 78  15
 78  37
 80  28
 77   7
 26  18
 95  30
 89  37
 97   6
 97  33

C_7_310
 20
100
 25  39
 76   6
 37  48
  9  72
 84  10
  6  42
 44  82
 70   2
 92  42
 72  40
 12  74
 76   6
 74  37
 82  50
 42  13
 90  21
 49  43
  1  80
 89  25
 78  48

C_7_311
 40
100
 90   9
 99   6
 77   4
 11  97
 74  50
 84  13
 72   1
 97   8
 74  53
 66  81
 76  10
 94  33
 90  19
 68  61
 89  30
100  19
 72  45
 88   4
 74  13
 19  77
 96  33
 71   7
  3  70
100  26
 94  33
 96  22
  6  74
 95  47
 99  44
 96  49
 79  30
 98  29
 78  18
 68  38
 97   8
 74  24
100   2
 26  92
 88  49
 41  30

C_7_312
 40
100
 73  20
 84  31
 77  37
 78  55
 84  31
 71  33
 93   4
 76  13
 54  53
  2  98
 82  33
 65  82
 97  39
 70  21
 79  23
 26  74
 47  35
 82   8
 76  75
 99  55
 59  93
 67   6
 95  89
 89  10
 34  13
 95  17
 83  15
 86  26
 80  44
 44  92
 78   2
 91   3
 68  87
 71  22
 81   1
 70  43
 29  94
 83  66
 92  11
 37  96

C_7_313
 40
100
 70   7
 12  95
 90  42
 99  48
 43  86
 92  31
 85  21
 87  42
 41  15
 84  31
 32  11
 83  48
 66  11
 27  43
 98  13
 87  16
 81  19
 92  16
 82  27
 99  45
 69  38
 74   1
 75   2
 85  35
100  19
 98  48
 14  93
 78  38
  6  74
 96   6
 83  38
 80   2
 82  17
 51  75
100  48
 90  28
 68  33
 81   7
 90  20
 73  15

C_7_314
 40
100
 68  43
 72  39
 67  42
 84  20
 67  19
 81   5
 69  23
 97  43
 73   6
 98  33
 80  17
 84  27
 83  55
 34  81
 99  22
 19  22
 76  17
 88  24
 86  89
 23  29
 72  39
 92  87
 87  67
 92  48
 77  24
 75  12
 99   8
 16  85
 34  79
 97  99
 81  10
 69  21
 75  27
 42  98
 71  23
 69  25
 69  47
 98  56
 69  48
 78  41

C_7_315
 40
100
 25  39
 76   6
 37  48
  9  72
 84  10
  6  42
 44  82
 70   2
 92  42
 72  40
 12  74
 76   6
 74  37
 82  50
 42  13
 90  21
 49  43
  1  80
 89  25
 78  48
 98  10
 92   4
 92  48
 12  37
 70  39
 39  99
 67  33
 78  38
 84  30
100   5
 86  30
 90  50
 72  33
 23  81
 78  38
 63  73
 68  47
 71   2
 78   8
 68   9

C_7_316
 40
100
 66  13
 82  33
 76  16
 98   7
 71  23
 80   9
 86  33
100  39
 85  45
 31  98
 68  11
 76  32
 71  29
 67  46
 41  66
 92  87
 66  25
 35  70
 93   2
 87   4
 69  32
 86  30
 99  65
 87  33
 21  66
 90  14
 80  40
 44  81
 99  32
  4  10
 53  76
 77  25
 37  24
 89  18
 99  25
 52  88
 38  28
 82  37
  5  89
 50  75

C_7_317
 40
100
 84   3
 76  50
 43   4
 67  34
 74  33
 77  21
 89  41
 58  60
 72  26
 86   4
 91  39
 77  99
 18  29
 68  48
  2  48
 71  49
 92  45
 93   4
 85  20
100  11
 80  22
 91  21
 77   2
 67  34
 64  60
 47  50
 77  47
 78  19
 80  11
 78  41
 85   3
 97  16
 92  23
100  44
 66  21
 34  82
 17  98
 95  57
 90   1
 89  45

C_7_318
 40
100
 67  49
 95  33
 76  44
 90  73
 71  41
 93  41
 27  41
 94  36
 83  45
 47  10
 50  66
  5  73
  4  10
 76  41
 35  81
 86  48
 96  37
 98  33
 31   5
 77  46
 98  26
 93  37
 93  49
 64  55
 10  26
 96   3
 71   6
 83  28
 36  92
 72  30
 40  23
 98  11
 23  73
 91  19
 88   3
 86   6
 80  47
 84  20
 92  44
 83  12

C_7_319
 40
100
 71  22
 74  29
 76   6
 75  21
 83  17
 96  15
 92   7
  2  74
  4  24
 38  12
 81  20
  2  76
 97  43
 96  21
 79  44
 14  30
 98  23
 73  42
 84  30
 91   6
 10  15
 41  24
 98  28
 81  45
 90  18
 87  18
 85  37
 19  44
 81  34
 89  24
 80   8
 84   6
 80  10
 48  41
 83  41
 98  29
 87  49
 82  20
 94  35
 28  14

C_7_320
 40
100
 77  36
 68  76
 75   4
 81  15
 92  26
 29  87
 93  50
 92  26
 69  77
  1  99
 77  57
 77  49
 74  41
 90  27
 84  27
 56  83
 78  16
 87  18
 92   8
 71  30
 90   3
 92  20
 72   1
 80  38
 75   1
 70  34
 96   5
 97   8
 68  11
 91   9
 94  21
 82  89
 69  33
 86  46
 99  48
 86  32
 79  16
 83  95
 78  37
 93  37

C_7_321
 60
100
 85  32
 25  26
 93  32
 96  46
 86  36
 16  97
 98  42
 94  21
 94   1
 19  83
 76  14
100   8
 76  29
 88  19
 96  47
 20  70
  2  78
 72  23
 36  42
 66  17
 99  18
 98  39
 40  48
 97  39
 57  80
 98  17
 68  16
 66  22
 85   5
 71   6
 31  97
 77  18
 60  90
 80  56
 79  37
 98  24
 69  37
 76  20
 79  40
 86  93
 11  98
 73  44
 87   5
 88  73
 85  17
 78  30
 68  32
 67  15
 70  49
 88  77
 92  20
 84  19
 99  43
 79  37
 90  20
 75  34
 66  49
 74   8
 44  87
 74  11

C_7_322
 60
100
 70   7
 12  95
 90  42
 99  48
 43  86
 92  31
 85  21
 87  42
 41  15
 84  31
 32  11
 83  48
 66  11
 27  43
 98  13
 87  16
 81  19
 92  16
 82  27
 99  45
 69  38
 74   1
 75   2
 85  35
100  19
 98  48
 14  93
 78  38
  6  74
 96   6
 83  38
 80   2
 82  17
 51  75
100  48
 90  28
 68  33
 81   7
 90  20
 73  15
 97  11
 68   1
 88   4
100  14
 48 100
 98   6
 41 100
 99  25
 74   1
 67  22
 73   6
 59  97
 92  14
 19 100
 96  25
 87  31
 84  39
 98  40
 92   5
 76  27

C_7_323
 60
100
 78  27
 99  22
 49  86
 91  45
  7  90
 84  45
 95  44
 80  24
 70   5
 68  80
 99  20
 78  15
 78  37
 80  28
 77   7
 26  18
 95  30
 89  37
 97   6
 97  33
 84  35
 72   7
 91  17
 84   9
 82   2
 47  39
 93  40
 20  98
 88  31
 98  33
 68  24
 83  47
 67  21
 70  39
 86  20
 94   8
 90  22
 86   6
 67  77
 79  31
 78  85
 62  84
 77  47
 72  16
 89  11
 71  25
 85  28
 11  74
 66  47
 76  27
 66  20
 82  20
 29  97
 90  41
 90  24
 49  93
 79   6
 76  16
 87  40
 90  21

C_7_324
 60
100
 66  13
 82  33
 76  16
 98   7
 71  23
 80   9
 86  33
100  39
 85  45
 31  98
 68  11
 76  32
 71  29
 67  46
 41  66
 92  87
 66  25
 35  70
 93   2
 87   4
 69  32
 86  30
 99  65
 87  33
 21  66
 90  14
 80  40
 44  81
 99  32
  4  10
 53  76
 77  25
 37  24
 89  18
 99  25
 52  88
 38  28
 82  37
  5  89
 50  75
 66  44
 84  18
 82   6
  8   1
 82  21
 94  11
 68  39
 85  49
 72  10
 78  15
 97  34
 60  58
 71  11
  6  87
 99  40
  4  87
 77  23
  5  71
 13  71
 10  75

C_7_325
 60
100
 78  12
 85  44
 90  94
 98  34
 76   5
 95  27
 96  43
 76  23
 83  10
 77  22
 72   4
 47  82
 98  26
  4  85
 91  26
 93  36
 80  53
 67  47
 84  10
 44  11
 83  44
 74  27
 84   5
 59  97
 87  45
 90  19
 93  12
 92  44
100   8
 78  22
 74  31
 84   3
 86  32
 75  37
 99  12
 85  24
 21  78
 21  75
 97   4
 94   7
 82  17
 39  67
 69   8
 76   1
 92  26
 79   3
 83  23
 66   7
 76  48
 73  14
  8 100
 99  24
  3  31
 75  38
 66  39
 57  53
 67  25
 86  23
  7  39
 29  45

C_7_326
 60
100
 71  22
 74  29
 76   6
 75  21
 83  17
 96  15
 92   7
  2  74
  4  24
 38  12
 81  20
  2  76
 97  43
 96  21
 79  44
 14  30
 98  23
 73  42
 84  30
 91   6
 10  15
 41  24
 98  28
 81  45
 90  18
 87  18
 85  37
 19  44
 81  34
 89  24
 80   8
 84   6
 80  10
 48  41
 83  41
 98  29
 87  49
 82  20
 94  35
 28  14
 68  49
 73  10
 69  91
 71  59
 91  11
 72  13
 71   9
 76  68
 88  35
 80  27
 72  38
 95  38
 93  20
 96   2
 72  79
 80  19
 71  17
 84  40
 98  32
 73  13

C_7_327
 60
100
 11  80
 23  79
 35  39
 95  46
 74  35
 94  25
 96   9
 77   6
 27  73
 79  41
 75  41
 66  28
 67  48
 73  19
 97  34
 99  12
 94  47
 14  71
 92  39
  8  70
 90  57
 86   9
 96   5
 85  14
 66  31
 69  22
 73  34
 72  33
 82  15
 96  47
 92  24
 68  13
 70  10
 95  33
 86  25
 10   5
 68  18
 68  31
 87  38
 84   9
 11  91
 27  93
 96  13
 69  24
 86  18
 12  73
 69 100
 97   1
 73  10
  8  44
 55  98
 48  40
 68  14
 76  39
 68   8
 74  40
 57  79
 90  45
 75  30
 91   2

C_7_328
 60
100
 45  14
 33  81
 21 100
  4  16
100  13
  3  74
 87   5
 86  12
 77  25
 90  14
 68  22
 78  19
 45  99
 85  27
 38   1
 77  38
 89  32
 89   2
 89  42
 28  19
 85  78
100  39
 94  44
 66  12
 49  91
 85  37
 72   8
 90  16
 73  55
 69  97
 93  33
 81  81
 72  38
 80  19
 88  20
 92   9
 57  80
 89   3
 37  78
 71  49
 78  35
 72  48
 67  29
 39  49
 39  66
 97  53
 79  51
 87  12
 23  29
 97  23
 78  35
 91  36
 77  19
 69   3
 68  80
 67  22
 82  20
 84  44
 31  92
 86  20

C_7_329
 60
100
 66  23
 87   7
 12  72
 91   1
 83  25
 80  49
 94  18
 88  50
 11  92
 80   3
 88  37
 92   9
 71  14
 89  19
 90  18
 70  31
 16 100
  8  46
100  11
 37  14
 91  49
 96  35
 76  64
 28  71
 19  72
 94  35
 75  31
 81  64
 74  31
100  48
 75   9
 98  33
 78  15
 80  22
 25  99
 81  13
 35  10
 67   7
 98  49
 73   4
 75  17
 98   4
 32  73
 73   7
 68  35
 67  13
 85  36
 81  22
 69  15
 70  84
 36  81
 96  99
 79   7
100  16
 69  20
 87  37
 45  11
 93  10
 37  86
 84  37

C_7_330
 60
100
 38  90
 82  24
 78  14
 88  98
 84  45
 68  49
 75  29
 82  28
 28  76
 46  35
 79   6
 21  79
 94  48
 99  33
 92  44
 86  24
 15  95
 75  43
 79  44
100  40
 66  48
 40  75
 73   6
 82  66
 49  76
 85  47
 64  79
 84   6
 71  45
 28  94
 30  75
 88   6
 86  36
 93  48
  7  11
100  18
 61  88
 74  16
 97  19
 85  42
 69   3
 47  46
 45  39
 19  84
 74  29
 96  37
 56  70
 80  25
 86  16
 66  40
 31  14
 90  33
 72  16
 80   5
 76  20
 73   4
 50  84
 67  31
 62  86
 98  86

C_7_331
 80
100
 73  20
 84  31
 77  37
 78  55
 84  31
 71  33
 93   4
 76  13
 54  53
  2  98
 82  33
 65  82
 97  39
 70  21
 79  23
 26  74
 47  35
 82   8
 76  75
 99  55
 59  93
 67   6
 95  89
 89  10
 34  13
 95  17
 83  15
 86  26
 80  44
 44  92
 78   2
 91   3
 68  87
 71  22
 81   1
 70  43
 29  94
 83  66
 92  11
 37  96
 50  71
 79  23
 76  33
 86   6
 88  36
 18  94
  4  77
 35  30
 85  26
 85  22
 69  12
 50  66
 89  27
100  14
 77  20
 85  14
 67  40
 34  17
 94  38
 77  23
 88  15
 86  32
 27  78
 78  44
 24   1
 90   9
 82  11
 31  26
 84  49
 68  47
 88  15
 69  21
 94   9
 89  47
 68  30
 94  27
 18  86
 27   9
 90   7
 93  44

C_7_332
 80
100
 68  43
 72  39
 67  42
 84  20
 67  19
 81   5
 69  23
 97  43
 73   6
 98  33
 80  17
 84  27
 83  55
 34  81
 99  22
 19  22
 76  17
 88  24
 86  89
 23  29
 72  39
 92  87
 87  67
 92  48
 77  24
 75  12
 99   8
 16  85
 34  79
 97  99
 81  10
 69  21
 75  27
 42  98
 71  23
 69  25
 69  47
 98  56
 69  48
 78  41
 71  28
 77  28
 75  35
 95  18
 81  21
 98  11
 89  34
 78  56
 99  74
 92   6
 76  44
 26  71
 91  41
 94  12
 10  16
 85  69
 90  19
  6  86
 76  49
 69  44
 98   8
 88  10
 88  44
 88  79
 79   9
 21   2
 60  50
 88  27
  4  80
 21   5
 66  20
 38  90
 66  46
 88  20
 67  50
 69   6
  8  88
 69  46
 66  92
 89  39

C_7_333
 80
100
 66  13
 82  33
 76  16
 98   7
 71  23
 80   9
 86  33
100  39
 85  45
 31  98
 68  11
 76  32
 71  29
 67  46
 41  66
 92  87
 66  25
 35  70
 93   2
 87   4
 69  32
 86  30
 99  65
 87  33
 21  66
 90  14
 80  40
 44  81
 99  32
  4  10
 53  76
 77  25
 37  24
 89  18
 99  25
 52  88
 38  28
 82  37
  5  89
 50  75
 66  44
 84  18
 82   6
  8   1
 82  21
 94  11
 68  39
 85  49
 72  10
 78  15
 97  34
 60  58
 71  11
  6  87
 99  40
  4  87
 77  23
  5  71
 13  71
 10  75
 38  98
 66  98
 93  38
 84  10
 79  32
 93  49
 28  30
 69  17
 75  30
 24  12
 28  33
 97  35
 79  39
 69  86
 93  47
 98  15
 91   9
 28  22
 74  24
 73   7

C_7_334
 80
100
 67  49
 95  33
 76  44
 90  73
 71  41
 93  41
 27  41
 94  36
 83  45
 47  10
 50  66
  5  73
  4  10
 76  41
 35  81
 86  48
 96  37
 98  33
 31   5
 77  46
 98  26
 93  37
 93  49
 64  55
 10  26
 96   3
 71   6
 83  28
 36  92
 72  30
 40  23
 98  11
 23  73
 91  19
 88   3
 86   6
 80  47
 84  20
 92  44
 83  12
 88  44
 27  33
 68  47
 88  31
 68   3
 93   7
 88  11
100  11
 92  23
 75  42
 80  38
 86   2
 89   5
100  40
 81  25
 81   5
 41  49
 98  49
 36  25
 25  79
 72   4
  7  20
 11  90
 94  47
 93  21
 84   2
 47  71
 77  35
 88  50
 72  46
 97  43
 69  35
 90  40
 53  51
 68  40
 69  47
 66  42
 72  19
 83  47
 77  20

C_7_335
 80
100
 77  36
 68  76
 75   4
 81  15
 92  26
 29  87
 93  50
 92  26
 69  77
  1  99
 77  57
 77  49
 74  41
 90  27
 84  27
 56  83
 78  16
 87  18
 92   8
 71  30
 90   3
 92  20
 72   1
 80  38
 75   1
 70  34
 96   5
 97   8
 68  11
 91   9
 94  21
 82  89
 69  33
 86  46
 99  48
 86  32
 79  16
 83  95
 78  37
 93  37
 96  11
 49  69
 99  38
 73   3
 31  78
 27  28
 42  66
 96  31
 86  37
 76  12
 97  25
 93  20
 93  17
 16   7
 74  11
 96  71
 73   8
 78  64
 93   9
 63  84
 97  12
  2  33
 85  18
 96   9
 94  27
 92  14
 86  39
 90  46
 97  52
 85  55
 95  21
 92  44
 65  92
 96   9
 77  15
 67   3
 97  42
 15  83
 67  21
 86  25

C_7_336
 80
100
 45  14
 33  81
 21 100
  4  16
100  13
  3  74
 87   5
 86  12
 77  25
 90  14
 68  22
 78  19
 45  99
 85  27
 38   1
 77  38
 89  32
 89   2
 89  42
 28  19
 85  78
100  39
 94  44
 66  12
 49  91
 85  37
 72   8
 90  16
 73  55
 69  97
 93  33
 81  81
 72  38
 80  19
 88  20
 92   9
 57  80
 89   3
 37  78
 71  49
 78  35
 72  48
 67  29
 39  49
 39  66
 97  53
 79  51
 87  12
 23  29
 97  23
 78  35
 91  36
 77  19
 69   3
 68  80
 67  22
 82  20
 84  44
 31  92
 86  20
 94  33
 73  48
 54  56
 79  29
 80   8
 69  13
 94  37
 79  50
 13  44
 13  40
 38  86
 88  32
 76  42
 31  28
 98  33
 70  27
 87   2
 73  28
 78  49
 96  32

C_7_337
 80
100
 65  80
 95  23
 88  48
 86  24
 67  44
 96  28
 25  18
 91  35
100  20
 70  44
 28  50
  6   7
 72   8
 32  22
 96  44
 91  41
 31   7
 78  12
 21  99
 86  36
 75  18
 77  14
 72  16
 88  44
 71  41
 84  27
 72  44
 99  13
 75  25
 99   1
 80  35
 84  43
 82  71
 32  92
 97  36
 65  85
 73  29
 84  36
 31 100
 66  89
 67  49
 89  46
 84  25
 85   5
 69  30
  2  17
 36  74
 67  32
 79  22
 87  50
 70  10
 92  21
 46  27
 81  45
 39  80
 90  22
 89  43
 84   2
 88  43
 97  34
 89  20
 94  20
 91  26
 76   8
 45  72
 78  49
  5  21
 99  44
 77  11
 55  91
 88  28
 95  41
 51  73
 55  94
 82  47
 99  50
 48  99
 78   9
 83  27
 76  21

C_7_338
 80
100
 76  28
 90  20
100   1
 77  63
 12  27
 22  89
 66   6
 79  34
 78  37
 79  11
 75  22
 23  76
 92  10
 79  98
 89 100
 38   9
 19  44
100  48
 83  40
 76  14
 11  93
 83  58
 82  41
 68  31
 65  96
 84  31
 89   5
 68  10
 87  15
 34  76
 69  29
 76  50
 71  46
 66  12
 92  16
 90  51
 98  38
 87  20
 89  14
 83  15
 99  42
 81  39
 94  24
 81  40
 73   8
 83  20
  9  45
 87  27
 35  35
 93  13
 92  28
 50  75
 80  24
 76  17
 86  23
 88  36
 78  25
 53  83
 89  29
 84   8
 84  37
 52  60
 99  48
 88  41
 99  11
 75  50
 83  27
100  37
 86  47
 91   1
 62  68
 85  43
 82  44
 80  14
 13  80
 18  12
 86   3
 18  38
 25  37
 20  42

C_7_339
 80
100
 84  41
 76  48
 72   5
 87   7
 80  22
100  44
 72  41
 80   8
 26  14
 45  66
 80  39
 22  22
 96  17
 67  20
 44  99
 90  46
 81  33
 22   1
 28  79
 73  33
 74  10
 52  93
 25   3
 98  31
 15  48
 45  47
 88  47
 97  41
 85  49
100  13
 67   3
 69  13
 68  11
 15  40
 89  21
 77  96
 94  34
 93  79
 84  50
 60  91
 93  20
 82  80
 87  42
 69  48
100  17
 88  43
 98  44
 74  16
 72  75
 46  77
 83   9
 87  46
 56  96
 79   3
 76  35
 73  37
 66  28
 69  50
 77  23
 67  41
 71  21
  3  71
 86  22
 70   5
 85  27
 74  30
  4  89
 80  32
 71  44
 33  12
 90  56
 48  20
100  22
 16   6
 92  41
 37  20
 68  13
 72  12
 99  37
 91  32

C_7_340
 80
100
 90  38
 34  66
 66  26
 70   9
 96  17
 88  44
 76  10
 73   8
 75   7
 95  50
 94   6
 85  20
 98   9
 76  17
 85  14
 69  42
 93  22
100  46
 85  33
 46  84
 45  98
 97  36
 93  14
 98  23
 12  89
 51  88
 74   6
 72  31
 40  32
 71  51
 96  60
 90   1
 87  42
 66  28
 95  27
 71  82
 88  14
 96  15
100   4
 79  25
 46  47
 99  14
 79  43
 86  30
 80  42
 75  24
 66  44
 66  46
 71  49
 94  46
 43   7
 89  24
 70  17
 30  86
 98  31
 85  14
 66  97
 86  26
 75  17
 85  64
 39  39
 95  33
 91  64
 52  78
 81  43
 77   1
 87  24
 88   3
 17  70
  2  88
 81  94
 82  39
 82  34
100  24
 44  84
 84  37
 95  23
 71  28
 68  71
 95  47

C_7_341
100
100
 97  48
 71  18
  9  46
 94  49
 82  22
 67  33
 96  25
 94  19
 15   7
 71   8
 90  66
 68   1
 78   4
 84  46
 99  20
 84  44
 87  13
 69  45
 78  34
 74  49
  7  89
 98   6
 99  60
 72  16
 96  16
 49  85
 95  49
 67  94
 96  10
 75  13
 98  48
 38  34
 68  15
 40  71
 75  10
 79  36
 84  32
 84  16
 94  33
 74  49
 10  11
 27  90
 87  17
 78  25
 69   1
 92  16
 88  13
 90  11
 74   4
 11  71
 97  21
 75  10
 88  17
 97  13
 80  41
 68  20
 74  43
 94  29
 70  22
 69  41
  5  30
 99   7
 69  15
 79  25
 71  29
 78  46
 76  20
 45  79
 82  39
 99  47
 91  36
 87  27
  2  73
 94   9
 79  14
 86  45
 94  45
 96  83
 15   4
 93  25
 91  90
 12  79
 21  69
 74  17
 68  48
 40  17
 39  78
 95  70
 28  77
 86  26
 19  43
 94  35
 74  47
 86  47
 72  29
 98  12
 10  93
 93  79
 75  27
 76  50

C_7_342
100
100
 25  39
 76   6
 37  48
  9  72
 84  10
  6  42
 44  82
 70   2
 92  42
 72  40
 12  74
 76   6
 74  37
 82  50
 42  13
 90  21
 49  43
  1  80
 89  25
 78  48
 98  10
 92   4
 92  48
 12  37
 70  39
 39  99
 67  33
 78  38
 84  30
100   5
 86  30
 90  50
 72  33
 23  81
 78  38
 63  73
 68  47
 71   2
 78   8
 68   9
 10  23
 68  44
 86  40
  7   6
 28  10
 74  47
 68  34
 70  64
 70  10
 88  11
 93  39
 98  35
 99  21
 75  38
 90   5
 89  18
 66  43
 70  26
 44  34
 33  11
 76  27
 61  75
 15  24
 93  66
 94  23
 78  86
 98  25
 65  84
 29  87
 69   9
 40  92
100  13
 85  50
 97  44
 97  14
 45  67
 93  31
 98  40
 74   1
 67   5
 74  23
 11  48
 94  49
 80  19
 98  28
 90  18
 87   9
  2  96
 95  43
 80  49
 33  87
 96  32
100  70
 79  42
 97  14
 48  31
 20  10
 79  97
 21  72
 63  91

C_7_343
100
100
 78  12
 85  44
 90  94
 98  34
 76   5
 95  27
 96  43
 76  23
 83  10
 77  22
 72   4
 47  82
 98  26
  4  85
 91  26
 93  36
 80  53
 67  47
 84  10
 44  11
 83  44
 74  27
 84   5
 59  97
 87  45
 90  19
 93  12
 92  44
100   8
 78  22
 74  31
 84   3
 86  32
 75  37
 99  12
 85  24
 21  78
 21  75
 97   4
 94   7
 82  17
 39  67
 69   8
 76   1
 92  26
 79   3
 83  23
 66   7
 76  48
 73  14
  8 100
 99  24
  3  31
 75  38
 66  39
 57  53
 67  25
 86  23
  7  39
 29  45
 75  32
 70  19
 25   2
 74  47
 91  50
 97  28
 68  25
  6  73
 72  79
 97  48
 96  11
 74  37
 78  21
 70  30
 98   8
 86  25
 84  23
 87  23
 72  17
 72  24
 98  38
 76  28
 90  37
100  35
 85  14
 74  45
 81  19
  3  70
 21   2
 21  23
 81  13
 17  94
 83   2
 94  13
 88  19
 93  87
 95  13
 82  15
 69  36
 87  45

C_7_344
100
100
 77  36
 68  76
 75   4
 81  15
 92  26
 29  87
 93  50
 92  26
 69  77
  1  99
 77  57
 77  49
 74  41
 90  27
 84  27
 56  83
 78  16
 87  18
 92   8
 71  30
 90   3
 92  20
 72   1
 80  38
 75   1
 70  34
 96   5
 97   8
 68  11
 91   9
 94  21
 82  89
 69  33
 86  46
 99  48
 86  32
 79  16
 83  95
 78  37
 93  37
 96  11
 49  69
 99  38
 73   3
 31  78
 27  28
 42  66
 96  31
 86  37
 76  12
 97  25
 93  20
 93  17
 16   7
 74  11
 96  71
 73   8
 78  64
 93   9
 63  84
 97  12
  2  33
 85  18
 96   9
 94  27
 92  14
 86  39
 90  46
 97  52
 85  55
 95  21
 92  44
 65  92
 96   9
 77  15
 67   3
 97  42
 15  83
 67  21
 86  25
 92   4
 47   2
 66  39
 18  70
 94  27
 94  41
 72  18
 77   2
 70  12
 98  41
 87   9
 85   8
 89   9
 75   4
 14  73
 67  26
 22  77
 95  27
 71  26
 91   6

C_7_345
100
100
 93  53
 84  22
 25  80
 30  22
 59  66
 72  24
 98  89
 78  30
 92  40
 53  88
 88  19
 18  50
 86  26
 72  14
 29  72
 80  81
 87  23
 85   2
 91  13
  4  25
 97  32
  7  66
 70  28
 92  30
 80   2
 99  12
 88  53
 86  97
 71  34
  1  35
 87  42
 96  25
 71  28
 65  68
 91  42
 75  15
 18  33
 42  15
  3   3
 96  66
 94   1
 86  22
 87  26
 93  30
 82  29
 29  41
 80  11
 97   5
 20  20
 89  72
 81   7
 74  42
 84  22
 12  15
 90  15
 93  41
 98  36
 98  19
 72  35
 31  66
 27  11
 43  90
 98  16
 88  22
 79  48
100  13
 96   9
 97   6
 81  47
 79   2
 68  13
 80   1
 92   8
 50  52
 83  30
  8  70
 76  30
 96  15
 71   8
 70  26
 69  14
 99  39
  4  47
 77   6
 69   9
 14  25
 72  49
 92  48
 78  16
 94  23
 85  12
 81   1
 94  35
 87  32
 57  86
 77  16
 84  15
 87   3
100  23
 74  93

C_7_346
100
100
 38  90
 82  24
 78  14
 88  98
 84  45
 68  49
 75  29
 82  28
 28  76
 46  35
 79   6
 21  79
 94  48
 99  33
 92  44
 86  24
 15  95
 75  43
 79  44
100  40
 66  48
 40  75
 73   6
 82  66
 49  76
 85  47
 64  79
 84   6
 71  45
 28  94
 30  75
 88   6
 86  36
 93  48
  7  11
100  18
 61  88
 74  16
 97  19
 85  42
 69   3
 47  46
 45  39
 19  84
 74  29
 96  37
 56  70
 80  25
 86  16
 66  40
 31  14
 90  33
 72  16
 80   5
 76  20
 73   4
 50  84
 67  31
 62  86
 98  86
 67  49
 97  19
 80  15
 98  30
 77  33
 50  68
 94   5
 71  35
 96  29
 17  86
 23   6
 86   2
 31  37
 45   3
 77  20
 75  31
 86   6
 90  37
 81  45
 72  22
 94  37
 91  34
 92  32
 17  24
 75  29
 50  42
 77  30
 36  38
 49  89
 82  11
  8  93
 77  13
 96  49
 73  43
 72  12
 71  50
 67  27
 72  36
 81  45
 74  49

C_7_347
100
100
 80  24
 68   3
 62  75
 41  12
 70   5
 69  24
 68  13
 99  40
 69  48
 19   8
  9  12
 78  29
 76   3
 96   3
 24  22
 49  30
 91  19
 87  10
 66  44
 94  42
 20  98
 86  28
 93  28
 97  17
 75  37
 90  57
 94  24
 73   2
 80  38
 12  50
 67  31
 93  50
 92   1
 97   3
 84  50
 85   9
 78  26
 40  78
 74  30
 86  30
 10  74
 98  45
 72  22
 95  13
 74  10
 76  33
 68  76
 77   7
 85  20
 46  89
 90  91
 67  13
 68  41
 92  45
 81  19
 66  30
 92  74
 91  68
 76   7
 72  10
 95  19
 56  53
 80   8
 87  50
 68  25
 33  50
 92  20
 75   3
 84  43
 81   9
 78  44
  8  17
 12  81
 81  29
 71  29
 75  43
 71  14
 84  60
 73  26
 87  31
 76  17
  8   4
 82  35
 60  79
 90  32
 95   9
 50  69
 67  41
 77   8
 89  75
 91  38
  5  13
 60  96
 99   4
 36  87
 19  48
 76  45
 18  96
 98  37
 97  43

C_7_348
100
100
 90  38
 34  66
 66  26
 70   9
 96  17
 88  44
 76  10
 73   8
 75   7
 95  50
 94   6
 85  20
 98   9
 76  17
 85  14
 69  42
 93  22
100  46
 85  33
 46  84
 45  98
 97  36
 93  14
 98  23
 12  89
 51  88
 74   6
 72  31
 40  32
 71  51
 96  60
 90   1
 87  42
 66  28
 95  27
 71  82
 88  14
 96  15
100   4
 79  25
 46  47
 99  14
 79  43
 86  30
 80  42
 75  24
 66  44
 66  46
 71  49
 94  46
 43   7
 89  24
 70  17
 30  86
 98  31
 85  14
 66  97
 86  26
 75  17
 85  64
 39  39
 95  33
 91  64
 52  78
 81  43
 77   1
 87  24
 88   3
 17  70
  2  88
 81  94
 82  39
 82  34
100  24
 44  84
 84  37
 95  23
 71  28
 68  71
 95  47
 23  81
 86  43
 69  27
 78  18
 75  35
 73  21
 52  95
 70   1
 18   8
  5   9
 73  24
 70  46
 83  93
 73  10
 88  15
 78   2
 72  40
 85  22
 16  17
 94  20

C_7_349
100
100
 66  22
 71  37
 52  58
 86   6
 70  23
 85  28
 14  75
 70   2
 82  35
 73  30
 87  82
 97  11
 67   8
 69  44
 81  12
 97  31
 44  44
 12  79
 19  68
 70  13
 97  41
 30  71
 84   7
 86   6
 72  50
  9   7
 98  21
 16  11
 90  20
100  18
 28  98
 74  28
 23   3
 67  40
 80  35
 80   6
 80  46
 77  25
 26  35
 94  46
 88   2
 95  21
 42  46
 81  48
 69  19
 87  28
 79  19
 77  11
 88  98
 86  47
 72   4
 71  86
 89  38
 94  28
 73  50
 39  81
 94  40
 75  21
 82   8
 17  21
 73   4
 99  25
100  28
 70  32
 94  30
 44  41
 90   9
 72   3
 83  66
  2  78
 89   2
 23  37
 91  16
 21  71
 96   7
 99  32
 67  26
 67   9
 76  23
 90  38
 86  48
 97  21
 99   1
 89   7
 79  32
100  45
 93  91
 44  37
 20  84
 76  31
100  42
 15  29
 88  35
 95  29
 77   5
 99  32
 69   3
 33  92
 97  79
 94  97

C_7_350
100
100
 12  96
 97   5
 73  41
 85  47
 39  42
 75  18
 95  95
 67  16
 85   1
 96  42
 93  10
 92  47
 86  22
 85  78
 98  36
 90  39
 92  53
 92  27
 76  25
 96  43
 17  48
 67  36
 97  25
 75   8
 67   4
 86   8
 87  86
 98  35
 50  22
 77  41
 94  10
 91  73
 10  66
 77  35
 70  45
 98  24
 31  95
 85  42
 88  42
 75  37
 75  45
 66  10
 80  50
 43  72
 71   9
 36  39
 81  20
 88  46
 75  35
 88  30
 89   2
 85  93
 87  22
 94  33
 70  45
 49  66
 73  21
 73  48
 43  50
 25  22
  2  32
 95  24
 93  17
 74   4
 68   5
 90  12
 99  46
 60  98
 79  39
 40  74
 78  36
 22  68
 45  90
  7  81
100  37
 94  70
 88  43
 35  46
 96   1
 85  50
 32  73
 82  31
 99  75
 82  40
 95  43
 83  27
 65  62
 87  42
 76  35
 89  85
 96  11
100   6
 50  39
 75   5
 89  21
 87  31
 98   5
100  36
 90  43
 81  19

