Mon Aug 15 16:22:49 2005

 inst  m   W   SVC:tm it:all best Tm:1dh 1dv cg  UB  LBh  LBv
   1   20  100 0.02 1000   62 0.01    0    0%  478  478    0
   2   20  100 0.02 1000    1    0    0    0%  459  459    0
   3   20  100 0.01 1000  151 0.02 0.04   80%  437  426  426
   4   20  100 0.02 1000    2    0    0    0%  648  648    0
   5   20  100 0.02 1000    1    0    0    0%  544  544    0
   6   20  100 0.02 1000    4    0    0    0%  503  503    0
   7   20  100 0.02 1000   65    0    0    0%  372  372    0
   8   20  100 0.02 1000    1    0    0    0%  605  605    0
   9   20  100 0.02 1000    1    0    0    0%  591  591    0
  10   20  100 0.02 1000  488 0.02 0.04   50%  404  380  380
  11   40  100 0.03 1000    4 0.02    0  100%  948  948    0
  12   40  100 0.03 1000   75 0.03    0   33% 1187 1187    0
  13   40  100 0.03 1000  264 0.04 0.09   15%  923  900  900
  14   40  100 0.03 1000    8 0.01 0.14    7% 1366 1335 1335
  15   40  100 0.03 1000  409 0.04 0.08   18%  926  903  903
  16   40  100 0.03 1000  367 0.04  0.1   28% 1060 1059 1059
  17   40  100 0.04 1000    7 0.01    0    0% 1104 1104    0
  18   40  100 0.04 1000   16 0.02 0.14   12% 1077 1072 1072
  19   40  100 0.04 1000  287 0.02    0    0%  789  789    0
  20   40  100 0.04 1000    1    0    0    0% 1250 1250    0
  21   60  100 0.06 1000    3 0.03    0   33% 1694 1694    0
  22   60  100 0.06 1000  190 0.09 0.49   18% 1373 1320 1320
  23   60  100 0.05 1000   15 0.03  0.6    9% 1657 1641 1641
  24   60  100 0.07 1000  350 0.06    0   83% 1423 1423    0
  25   60  100 0.06 1000   45 0.03    0   50% 1420 1420    0
  26   60  100 0.06 1000   10 0.01    0    0% 1459 1459    0
  27   60  100 0.06 1000   29 0.02    0  100% 1459 1459    0
  28   60  100 0.07 1000  249 0.03 0.42   13% 1668 1667 1667
  29   60  100 0.07 1000   72  0.1 0.56   18% 1446 1384 1384
  30   60  100 0.06 1000  600 0.09 0.49   22% 1792 1783 1783
  31   80  100 0.09 1000  498 0.17 1.97   10% 2025 1996 1996
  32   80  100 0.09 1000  125 0.05    0   80% 2439 2439    0
  33   80  100 0.09 1000  345  0.1 1.42    8% 1995 1994 1994
  34   80  100 0.09 1000  769 0.08    0   75% 2091 2091    0
  35   80  100 0.09 1000    5 0.02    0  100% 2304 2304    0
  36   80  100 0.09 1000  149 0.12    0   33% 2201 2201    0
  37   80  100 0.09 1000   21 0.06 1.38    6% 2345 2339 2339
  38   80  100 0.09 1000   47 0.07    0   57% 2202 2202    0
  39   80  100 0.09 1000   25 0.12 1.52    9% 2303 2293 2293
  40   80  100 0.09 1000  399 0.05  2.5    3% 2350 2349 2349
  41  100  100 0.13 1000  269 0.09  7.6    2% 2663 2662 2662
  42  100  100 0.13 1000  224  0.2    0   78% 2629 2629    0
  43  100  100 0.12 1000   49 0.06    0  100% 2426 2426    0
  44  100  100 0.13 1000   25 0.05    0   80% 2603 2603    0
  45  100  100 0.12 1000  122 0.11    0   69% 2443 2443    0
  46  100  100 0.11 1000  275 0.24  5.6    5% 2763 2759 2759
  47  100  100 0.13 1000   25 0.11 6.16    2% 2631 2626 2626
  48  100  100 0.13 1000  173 0.08 6.77    3% 2814 2813 2813
  49  100  100 0.13 1000  549 0.26 7.47    4% 2457 2443 2443
  50  100  100 0.13 1000  245 0.15 9.71    2% 3045 3023 3023

Fri Sep 30 18:18:41 2005
 inst  m   W   SVC: UB  tm it:all best Tm:1dh 1dv cg  LBh  LBv
1 20 100 478 2.17 100000 428 0 0 5.58 0 0 
2 20 100 459 2.06 100000 1 0 0 0 0 0 
3 20 100 437 2.38 100000 14 0 0 0 0 0 
4 20 100 648 2.15 100000 1 0 0 0 0 0 
5 20 100 544 2.09 100000 1 0 0 0 0 0 
6 20 100 503 2.11 100000 1 0 0 0 0 0 
7 20 100 372 2.15 100000 48 0 0 0 0 0 
8 20 100 605 2.03 100000 1 0 0 0 0 0 
9 20 100 591 2.04 100000 1 0 0 0 0 0 
10 20 100 382 2.45 100000 23 0 0 0 0 0 
11 40 100 948 4.27 100000 3 0 0 0.51 0 0 
12 40 100 1187 4.4 100000 37 0 0 0.8 0 0 
13 40 100 902 4.36 100000 97030 0 0 2.63 0 0 
14 40 100 1366 4.11 100000 1 0 0 0 0 0 
15 40 100 909 4.58 100000 52 0 0 0 0 0 
16 40 100 1059 4.36 100000 20131 0 0 0 0 0 
17 40 100 1104 4.16 100000 6 0 0 0 0 0 
18 40 100 1077 4.39 100000 3072 0 0 0 0 0 
19 40 100 789 4.66 100000 19 0 0 0 0 0 
20 40 100 1250 4.08 100000 1 0 0 0 0 0 
21 60 100 1694 6.96 100000 2 0 0 0.19 0 0 
22 60 100 1341 6.97 100000 7534 0 0 1.28 0 0 
23 60 100 1657 6.64 100000 16 0 0 0 0 0 
24 60 100 1423 7.51 100000 66 0 0 0 0 0 
25 60 100 1420 7.08 100000 29 0 0 0 0 0 
26 60 100 1459 6.79 100000 1 0 0 0 0 0 
27 60 100 1459 7.14 100000 17 0 0 0 0 0 
28 60 100 1669 6.74 100000 59 0 0 0 0 0 
29 60 100 1389 6.9 100000 200 0 0 0 0 0 
30 60 100 1790 6.88 100000 96 0 0 0 0 0 
31 80 100 1997 10.38 100000 72 0 0 0.82 0 0 
32 80 100 2439 10.24 100000 42 0 0 0 0 0 
33 80 100 1995 10.68 100000 263 0 0 0.46 0 0 
34 80 100 2091 10.17 100000 1153 0 0 0.65 0 0 
35 80 100 2304 9.92 100000 1 0 0 0 0 0 
36 80 100 2202 10.24 100000 4665 0 0 0.78 0 0 
37 80 100 2345 10.18 100000 76 0 0 0 0 0 
38 80 100 2202 9.97 100000 23 0 0 0 0 0 
39 80 100 2299 10.08 100000 21 0 0 0 0 0 
40 80 100 2349 9.96 100000 1198 0 0 0 0 0 
41 100 100 2663 14.21 100000 95 0 0 0.64 0 0 
42 100 100 2629 15.16 100000 12024 0 0 0.61 0 0 
43 100 100 2426 14.56 100000 28 0 0 0 0 0 
44 100 100 2603 14.03 100000 15 0 0 0 0 0 
45 100 100 2443 14.19 100000 25 0 0 0 0 0 
46 100 100 2759 13.72 100000 179 0 0 0 0 0 
47 100 100 2631 13.77 100000 35 0 0 0 0 0 
48 100 100 2814 13.75 100000 170 0 0 0 0 0 
49 100 100 2448 13.86 100000 287 0 0 0 0 0 
50 100 100 3042 13.8 100000 15116 0 0 0.55 0 0 

Thu Oct  6 19:21:30 2005
 inst  m   W   SVC: UB  tm it:all best Tm:1dh 1dv cg  LBh  LBv
1 20 100 478 0.53 10000 428 0 0 22.86 0 0 
2 20 100 459 0.5 10000 3 0 0 0 0 0 
3 20 100 437 0.57 10000 11 0 0 0 0 0 
4 20 100 648 0.52 10000 1 0 0 0 0 0 
5 20 100 544 0.5 10000 1 0 0 0 0 0 
6 20 100 503 0.52 10000 3 0 0 0 0 0 
7 20 100 372 0.51 10000 134 0 0 0 0 0 
8 20 100 605 0.5 10000 1 0 0 0 0 0 
9 20 100 591 0.5 10000 2 0 0 0 0 0 
10 20 100 382 0.59 10000 36 0 0 0 0 0 
11 40 100 948 1.06 10000 3 0 0 2.07 0 0 
12 40 100 1187 1.05 10000 33 0 0 3.27 0 0 
13 40 100 902 1.07 10000 4313 0 0 7.81 0 0 
14 40 100 1366 1.01 10000 7 0 0 0 0 0 
15 40 100 909 1.1 10000 140 0 0 0 0 0 
16 40 100 1065 1.06 10000 2005 0 0 0 0 0 
17 40 100 1104 1.02 10000 6 0 0 0 0 0 
18 40 100 1076 1.03 10000 1513 0 0 0 0 0 
19 40 100 789 1.08 10000 17 0 0 0 0 0 
20 40 100 1250 1.01 10000 1 0 0 0 0 0 
21 60 100 1694 1.63 10000 2 0 0 0.85 0 0 
22 60 100 1341 1.63 10000 2714 0 0 4.85 0 0 
23 60 100 1657 1.61 10000 15 0 0 0 0 0 
24 60 100 1423 1.75 10000 65 0 0 0 0 0 
25 60 100 1420 1.68 10000 39 0 0 0 0 0 
26 60 100 1459 1.63 10000 9 0 0 0 0 0 
27 60 100 1459 1.7 10000 25 0 0 0 0 0 
28 60 100 1669 1.63 10000 333 0 0 0 0 0 
29 60 100 1389 1.63 10000 676 0 0 0 0 0 
30 60 100 1790 1.64 10000 298 0 0 0 0 0 
31 80 100 1997 2.32 10000 559 0 0 5.45 0 0 
32 80 100 2439 2.28 10000 24 0 0 0 0 0 
33 80 100 1995 2.38 10000 582 0 0 0 0 0 
34 80 100 2091 2.31 10000 717 0 0 0 0 0 
35 80 100 2304 2.28 10000 4 0 0 0 0 0 
36 80 100 2202 2.31 10000 364 0 0 0 0 0 
37 80 100 2345 2.3 10000 225 0 0 0 0 0 
38 80 100 2202 2.27 10000 15 0 0 0 0 0 
39 80 100 2299 2.27 10000 257 0 0 0 0 0 
40 80 100 2349 2.24 10000 2064 0 0 0 0 0 
41 100 100 2663 3.06 10000 168 0 0 3.34 0 0 
42 100 100 2629 3.18 10000 3027 0 0 2.5 0 0 
43 100 100 2426 3.08 10000 54 0 0 0 0 0 
44 100 100 2603 3 10000 29 0 0 0 0 0 
45 100 100 2443 3.05 10000 27 0 0 0 0 0 
46 100 100 2759 2.98 10000 161 0 0 0 0 0 
47 100 100 2631 2.99 10000 43 0 0 0 0 0 
48 100 100 2814 2.98 10000 666 0 0 0 0 0 
49 100 100 2448 3.04 10000 708 0 0 0 0 0 
50 100 100 3042 3.01 10000 8995 0 0 2.76 0 0 

Sun Oct  9 20:15:47 2005
 inst  m   W   SVC: UB  tm it:all best Tm:1dh 1dv cg  LBh  LBv
1 20 100 478 1.9 10000 1002 0 0 7.27 0 0 
2 20 100 459 2.07 10000 1 0 0 0 0 0 
3 20 100 450 1.78 10000 1 0 0 0 0 0 
4 20 100 648 2.2 10000 1 0 0 0 0 0 
5 20 100 544 2.15 10000 1 0 0 0 0 0 
6 20 100 503 1.98 10000 5 0 0 0 0 0 
7 20 100 372 1.91 10000 11 0 0 0 0 0 
8 20 100 605 2.32 10000 1 0 0 0 0 0 
9 20 100 591 2.37 10000 1 0 0 0 0 0 
10 20 100 391 1.7 10000 6 0 0 0 0 0 
11 40 100 948 6.24 10000 1 0 0 0 0 0 
12 40 100 1187 6.39 10000 9 0 0 0.34 0 0 
13 40 100 902 6.17 10000 416 0 0 0.97 0 0 
14 40 100 1366 6.77 10000 3 0 0 0 0 0 
15 40 100 922 5.44 10000 9034 0 0 1.66 0 0 
16 40 100 1063 6.15 10000 2516 0 0 0 0 0 
17 40 100 1104 6.72 10000 7 0 0 0 0 0 
18 40 100 1077 5.6 10000 2313 0 0 0 0 0 
19 40 100 789 5.76 10000 1 0 0 0 0 0 
20 40 100 1250 7.69 10000 1 0 0 0 0 0 
21 60 100 1694 13.81 10000 259 0 0 0.8 0 0 
22 60 100 1370 13.33 10000 2 0 0 0 0 0 
23 60 100 1657 14.42 10000 1 0 0 0 0 0 
24 60 100 1429 11.54 10000 1686 0 0 0.62 0 0 
25 60 100 1420 13.84 10000 5 0 0 0 0 0 
26 60 100 1459 13.73 10000 1 0 0 0 0 0 
27 60 100 1459 12.33 10000 1 0 0 0 0 0 
28 60 100 1670 12.8 10000 508 0 0 0 0 0 
29 60 100 1385 13.29 10000 4565 0 0 0.57 0 0 
30 60 100 1806 12.96 10000 7532 0 0 0.48 0 0 
31 80 100 2047 21.98 10000 3525 0 0 0.74 0 0 
32 80 100 2439 21.97 10000 23 0 0.01 0 0 0 
33 80 100 1999 20.45 10000 571 0 0 0 0 0 
34 80 100 2096 21.39 10000 3580 0 0 0 0 0 
35 80 100 2304 26.04 10000 2 0 0 0 0 0 
36 80 100 2201 22.11 10000 1751 0 0 0 0 0 
37 80 100 2345 22.27 10000 6573 0 0 0 0 0 
38 80 100 2202 22.48 10000 28 0 0 0 0 0 
39 80 100 2299 22.22 10000 15 0 0 0 0 0 
40 80 100 2352 24.27 10000 1002 0 0 0 0 0 
41 100 100 2677 34.66 10000 186 0 0 0.3 0 0 
42 100 100 2638 32.49 10000 3948 0 0 0.25 0 0 
43 100 100 2426 36.99 10000 5 0 0 0 0 0 
44 100 100 2603 38.86 10000 6 0 0 0 0 0 
45 100 100 2443 34.37 10000 12 0 0 0 0 0 
46 100 100 2802 33.99 10000 5673 0 0 0.21 0 0 
47 100 100 2639 35.52 10000 35 0 0 0 0 0 
48 100 100 2815 35.68 10000 2007 0 0 0 0 0 
49 100 100 2469 35.68 10000 2221 0 0 0 0 0 
50 100 100 3045 35.23 10000 9564 0 0 0 0 0 

Mon Oct 10 14:50:16 2005
 inst  m   W   SVC: UB  tm it:all best Tm:1dh 1dv cg  LBh  LBv
1 20 100 512 1.98 10000 2 0 0 0.7 0 0 
2 20 100 459 2.04 10000 1 0 0 0 0 0 
3 20 100 450 1.73 10000 1 0 0 0 0 0 
4 20 100 648 2.09 10000 1 0 0 0 0 0 
5 20 100 544 2.2 10000 1 0 0 0 0 0 
6 20 100 503 1.89 10000 5 0 0 0 0 0 
7 20 100 372 1.88 10000 11 0 0 0 0 0 
8 20 100 605 2.21 10000 1 0 0 0 0 0 
9 20 100 591 2.29 10000 1 0 0 0 0 0 
10 20 100 391 1.65 10000 12 0 0 0 0 0 
11 40 100 948 5.86 10000 1 0 0 0 0 0 
12 40 100 1187 6.01 10000 9 0 0 0.36 0 0 
13 40 100 902 6.02 10000 639 0 0 1.07 0 0 
14 40 100 1366 6.62 10000 3 0 0 0 0 0 
15 40 100 922 5.16 10000 8620 0 0 1.74 0 0 
16 40 100 1074 5.71 10000 7 0 0 0 0 0 
17 40 100 1104 6.7 10000 8 0 0 0 0 0 
18 40 100 1081 5.35 10000 4387 0 0 0 0 0 
19 40 100 789 5.55 10000 1 0 0 0 0 0 
20 40 100 1250 7.45 10000 1 0 0 0 0 0 
21 60 100 1694 13.36 10000 33 0 0 0.52 0 0 
22 60 100 1370 12.3 10000 2 0 0 0 0 0 
23 60 100 1657 13.75 10000 1 0 0 0 0 0 
24 60 100 1439 10.59 10000 7 0 0 0 0 0 
25 60 100 1420 13.28 10000 5 0 0 0 0 0 
26 60 100 1459 13.87 10000 1 0 0 0 0 0 
27 60 100 1459 11.53 10000 1 0 0 0 0 0 
28 60 100 1680 11.74 10000 2 0 0 0 0 0 
29 60 100 1446 12.7 10000 5043 0 0 0.67 0 0 
30 60 100 1835 11.39 10000 23 0 0 0 0 0 
31 80 100 2055 19.95 10000 124 0 0 0.48 0 0 
32 80 100 2439 20.92 10000 17 0 0 0 0 0 
33 80 100 1999 18.92 10000 5024 0.01 0 0.44 0 0 
34 80 100 2096 19.1 10000 5036 0 0 0 0 0 
35 80 100 2304 24.63 10000 2 0 0 0 0 0 
36 80 100 2201 20.16 10000 5003 0 0 0 0 0 
37 80 100 2359 20.48 10000 61 0 0 0 0 0 
38 80 100 2202 21.46 10000 92 0 0 0 0 0 
39 80 100 2299 20.84 10000 122 0 0 0 0 0 
40 80 100 2354 22.79 10000 7 0 0 0 0 0 
41 100 100 2687 32.06 10000 140 0 0 0.3 0 0 
42 100 100 2638 28.22 10000 650 0 0 0.22 0 0 
43 100 100 2426 35.45 10000 213 0 0 0 0 0 
44 100 100 2603 37.5 10000 6 0 0 0 0 0 
45 100 100 2443 32.18 10000 41 0 0 0 0 0 
46 100 100 2814 30.81 10000 103 0 0 0 0 0 
47 100 100 2639 32.99 10000 3979 0 0 0.24 0 0 
48 100 100 2819 32.55 10000 9 0 0 0 0 0 
49 100 100 2506 32.38 10000 2058 0 0 0 0 0 
50 100 100 3071 32.76 10000 136 0 0 0 0 0 

Mon Oct 10 18:53:59 2005
 inst  m   W   SVC: UB  tm it:all best Tm:1dh 1dv cg  LBh  LBv
1 20 100 478 1.19 10000 428 0 0 10.18 0 0 
2 20 100 459 1.21 10000 3 0 0 0 0 0 
3 20 100 437 1.11 10000 78 0 0 0 0 0 
4 20 100 648 1.27 10000 1 0 0 0 0 0 
5 20 100 544 1.32 10000 1 0 0 0 0 0 
6 20 100 503 1.22 10000 3 0 0 0 0 0 
7 20 100 372 1.21 10000 16 0 0 0 0 0 
8 20 100 605 1.32 10000 1 0 0 0 0 0 
9 20 100 591 1.33 10000 2 0 0 0 0 0 
10 20 100 382 1.08 10000 59 0 0 0 0 0 
11 40 100 948 3.39 10000 4 0 0 0.81 0 0 
12 40 100 1187 3.6 10000 5007 0 0 2.36 0 0 
13 40 100 902 3.66 10000 8114 0 0 2.19 0 0 
14 40 100 1366 3.85 10000 7 0 0 0 0 0 
15 40 100 909 3.13 10000 187 0 0 0 0 0 
16 40 100 1073 3.35 10000 7141 0 0 0 0 0 
17 40 100 1104 3.7 10000 10 0 0 0 0 0 
18 40 100 1077 3.12 10000 5025 0 0 0 0 0 
19 40 100 789 3.35 10000 3 0 0 0 0 0 
20 40 100 1250 4.29 10000 1 0 0 0 0 0 
21 60 100 1694 7.43 10000 2 0 0 0.18 0 0 
22 60 100 1341 7.52 10000 5056 0 0 1.13 0 0 
23 60 100 1657 7.62 10000 24 0 0 0 0 0 
24 60 100 1425 6.32 10000 61 0 0 0 0 0 
25 60 100 1420 7.4 10000 25 0 0 0 0 0 
26 60 100 1459 7.56 10000 2 0 0 0 0 0 
27 60 100 1459 6.47 10000 14 0 0 0 0 0 
28 60 100 1675 6.63 10000 13 0 0 0 0 0 
29 60 100 1385 6.97 10000 127 0 0 0 0 0 
30 60 100 1797 6.35 10000 2178 0 0 0 0 0 
31 80 100 2024 11.03 10000 5025 0 0 1.54 0 0 
32 80 100 2439 11.62 10000 37 0 0 0 0 0 
33 80 100 1999 9.9 10000 518 0 0 0 0 0 
34 80 100 2093 10.81 10000 56 0 0 0 0 0 
35 80 100 2304 13.36 10000 4 0 0 0 0 0 
36 80 100 2208 11.15 10000 34 0 0 0 0 0 
37 80 100 2345 11.18 10000 43 0 0 0 0 0 
38 80 100 2202 12.15 10000 88 0 0 0 0 0 
39 80 100 2299 11.85 10000 243 0 0 0 0 0 
40 80 100 2350 12.18 10000 1080 0 0 0 0 0 
41 100 100 2664 17.91 10000 5030 0 0 0.95 0 0 
42 100 100 2632 15.27 10000 193 0 0 0 0 0 
43 100 100 2426 19.7 10000 29 0 0 0 0 0 
44 100 100 2603 19.56 10000 34 0 0 0 0 0 
45 100 100 2443 17.04 10000 39 0 0 0 0 0 
46 100 100 2765 16.96 10000 5878 0 0 0.37 0 0 
47 100 100 2631 17.68 10000 35 0 0 0 0 0 
48 100 100 2815 18.73 10000 40 0 0 0 0 0 
49 100 100 2469 18.29 10000 997 0 0 0 0 0 
50 100 100 3045 18.03 10000 3 0 0 0 0 0 

Tue Oct 11 12:57:12 2005
 inst  m   W   SVC: UB  tm it:all best Tm:1dh 1dv cg  LBh  LBv
1 20 100 478 0.49 10000 428 0 0 24.73 0 0 
2 20 100 459 0.47 10000 3 0 0 0 0 0 
3 20 100 437 0.53 10000 31 0 0 0 0 0 
4 20 100 648 0.48 10000 1 0 0 0 0 0 
5 20 100 544 0.47 10000 1 0 0 0 0 0 
6 20 100 503 0.48 10000 3 0 0 0 0 0 
7 20 100 372 0.49 10000 84 0 0 0 0 0 
8 20 100 605 0.47 10000 1 0 0 0 0 0 
9 20 100 591 0.46 10000 2 0 0 0 0 0 
10 20 100 382 0.54 10000 114 0 0 0 0 0 
11 40 100 948 0.98 10000 3 0 0 2.24 0 0 
12 40 100 1187 0.97 10000 45 0 0 3.87 0 0 
13 40 100 906 0.98 10000 5399 0 0 8.76 0 0 
14 40 100 1366 0.94 10000 7 0 0 0 0 0 
15 40 100 909 1.03 10000 306 0 0 0 0 0 
16 40 100 1068 0.98 10000 205 0 0 0 0 0 
17 40 100 1104 0.95 10000 6 0 0 0 0 0 
18 40 100 1076 0.97 10000 5079 0 0 0 0 0 
19 40 100 789 1 10000 25 0 0 0 0 0 
20 40 100 1250 0.93 10000 1 0 0 0 0 0 
21 60 100 1694 1.5 10000 2 0 0 0.92 0 0 
22 60 100 1343 1.49 10000 112 0 0 3.16 0 0 
23 60 100 1657 1.47 10000 25 0 0 0 0 0 
24 60 100 1423 1.6 10000 120 0 0 0 0 0 
25 60 100 1420 1.54 10000 32 0 0 0 0 0 
26 60 100 1459 1.5 10000 9 0 0 0 0 0 
27 60 100 1459 1.54 10000 20 0 0 0 0 0 
28 60 100 1669 1.49 10000 53 0 0 0 0 0 
29 60 100 1389 1.5 10000 5101 0 0 5.64 0 0 
30 60 100 1790 1.5 10000 417 0 0 0 0 0 
31 80 100 1998 2.14 10000 5657 0 0 8.07 0 0 
32 80 100 2439 2.11 10000 38 0 0 0 0 0 
33 80 100 1995 2.2 10000 275 0 0 0 0 0 
34 80 100 2091 2.13 10000 6867 0 0 3.19 0 0 
35 80 100 2304 2.08 10000 4 0 0 0 0 0 
36 80 100 2202 2.12 10000 5295 0 0 0 0 0 
37 80 100 2345 2.12 10000 49 0 0 0 0 0 
38 80 100 2202 2.11 10000 17 0 0 0 0 0 
39 80 100 2299 2.09 10000 185 0 0 0 0 0 
40 80 100 2349 2.05 10000 824 0 0 0 0 0 
41 100 100 2663 2.81 10000 257 0 0 3.94 0 0 
42 100 100 2632 2.9 10000 21 0 0 0 0 0 
43 100 100 2426 2.82 10000 47 0 0 0 0 0 
44 100 100 2603 2.75 10000 19 0 0 0 0 0 
45 100 100 2443 2.81 10000 25 0 0 0 0 0 
46 100 100 2759 2.72 10000 179 0 0 0 0 0 
47 100 100 2631 2.76 10000 31 0 0 0 0 0 
48 100 100 2814 2.79 10000 49 0 0 0 0 0 
49 100 100 2448 2.79 10000 333 0 0 0 0 0 
50 100 100 3038 2.76 10000 5067 0 0 3.01 0 0 

Fri Oct 21 17:50:11 2005
 inst  m   W   SVC: UB  tm it:all best Tm:1dh 1dv cg  LBh  LBv
1 20 100 478 1.64 10000 5001 0 4.53634e-316 1.17709e-312 -1.07375e+09 0 
2 20 100 459 1.79 10000 1 0 4.53634e-316 1.17709e-312 -1.07375e+09 0 
3 20 100 450 1.48 10000 1 0 4.53634e-316 1.17709e-312 -1.07375e+09 0 
4 20 100 648 1.94 10000 1 0 4.53634e-316 1.17709e-312 -1.07375e+09 0 
5 20 100 544 2 10000 1 0 4.53634e-316 1.17709e-312 -1.07375e+09 0 
6 20 100 503 1.66 10000 1 0 4.53634e-316 1.17709e-312 -1.07375e+09 0 
7 20 100 372 1.64 10000 2 0 4.53634e-316 1.17709e-312 -1.07375e+09 0 
8 20 100 605 1.93 10000 1 0 4.53634e-316 1.17709e-312 -1.07375e+09 0 
9 20 100 591 2.06 10000 1 0 4.53634e-316 1.17709e-312 -1.07375e+09 0 
10 20 100 391 1.39 10000 2 0 4.53634e-316 1.17709e-312 -1.07375e+09 0 
11 40 100 948 5.4 10000 1 0 4.53634e-316 1.17709e-312 -1.07375e+09 0 
12 40 100 1187 5.61 10000 5 0 4.53634e-316 1.17709e-312 -1.07375e+09 0 
13 40 100 902 5.37 10000 203 0 4.53634e-316 1.17709e-312 -1.07375e+09 0 
14 40 100 1366 6.16 10000 2 0 4.53634e-316 1.17709e-312 -1.07375e+09 0 
15 40 100 926 4.61 10000 134 0 4.53634e-316 1.17709e-312 -1.07375e+09 0 
16 40 100 1074 5.21 10000 12 0 4.53634e-316 1.17709e-312 -1.07375e+09 0 
17 40 100 1104 6.04 10000 3 0 4.53634e-316 1.17709e-312 -1.07375e+09 0 
18 40 100 1081 4.74 10000 364 0 4.53634e-316 1.17709e-312 -1.07375e+09 0 
19 40 100 789 5 10000 1 0 4.53634e-316 1.17709e-312 -1.07375e+09 0 
20 40 100 1250 6.91 10000 1 0 4.53634e-316 1.17709e-312 -1.07375e+09 0 
21 60 100 1694 12.11 10000 10 0 4.53634e-316 1.17709e-312 -1.07375e+09 0 
22 60 100 1370 11.7 10000 1115 0 4.53634e-316 1.17709e-312 -1.07375e+09 0 
23 60 100 1657 13.14 10000 1 0 4.53634e-316 1.17709e-312 -1.07375e+09 0 
24 60 100 1439 9.62 10000 5079 0 4.53634e-316 1.17709e-312 -1.07375e+09 0 
25 60 100 1420 12.09 10000 34 0 4.53634e-316 1.17709e-312 -1.07375e+09 0 
26 60 100 1459 12.96 10000 1 0 4.53634e-316 1.17709e-312 -1.07375e+09 0 
27 60 100 1459 10.54 10000 1 0 4.53634e-316 1.17709e-312 -1.07375e+09 0 
28 60 100 1689 10.5 10000 778 0 4.53634e-316 1.17709e-312 -1.07375e+09 0 
29 60 100 1451 11.74 10000 17 0 4.53634e-316 1.17709e-312 -1.07375e+09 0 
30 60 100 1835 10.43 10000 5745 0 4.53634e-316 1.17709e-312 -1.07375e+09 0 
31 80 100 2053 18.1 10000 7 0 4.53634e-316 1.17709e-312 -1.07375e+09 0 
32 80 100 2439 20.01 10000 59 0 4.53634e-316 1.17709e-312 -1.07375e+09 0 
33 80 100 1999 16.62 10000 3801 0 4.53634e-316 1.17709e-312 -1.07375e+09 0 
34 80 100 2094 17.6 10000 362 0 4.53634e-316 1.17709e-312 -1.07375e+09 0 
35 80 100 2304 23.29 10000 2 0 4.53634e-316 1.17709e-312 -1.07375e+09 0 
36 80 100 2201 17.43 10000 341 0 4.53634e-316 1.17709e-312 -1.07375e+09 0 
37 80 100 2359 19.16 10000 11 0 4.53634e-316 1.17709e-312 -1.07375e+09 0 
38 80 100 2202 19.96 10000 19 0 4.53634e-316 1.17709e-312 -1.07375e+09 0 
39 80 100 2299 19.45 10000 30 0 4.53634e-316 1.17709e-312 -1.07375e+09 0 
40 80 100 2352 21.26 10000 2 0 4.53634e-316 1.17709e-312 -1.07375e+09 0 
41 100 100 2664 29.21 10000 5001 0 4.53634e-316 1.17709e-312 -1.07375e+09 0 
42 100 100 2638 25.58 10000 18 0 4.53634e-316 1.17709e-312 -1.07375e+09 0 
43 100 100 2426 32.6 10000 14 0 4.53634e-316 1.17709e-312 -1.07375e+09 0 
44 100 100 2603 34.37 10000 4 0 4.53634e-316 1.17709e-312 -1.07375e+09 0 
45 100 100 2443 29.43 10000 35 0 4.53634e-316 1.17709e-312 -1.07375e+09 0 
46 100 100 2827 28.38 10000 38 0 4.53634e-316 1.17709e-312 -1.07375e+09 0 
47 100 100 2639 30.12 10000 728 0 4.53634e-316 1.17709e-312 -1.07375e+09 0 
48 100 100 2819 29.75 10000 8 0 4.53634e-316 1.17709e-312 -1.07375e+09 0 
49 100 100 2469 29.87 10000 5737 0 4.53634e-316 1.17709e-312 -1.07375e+09 0 
50 100 100 3049 29.88 10000 5428 0 4.53634e-316 1.17709e-312 -1.07375e+09 0 

Sun Oct 23 19:29:11 2005
 inst  m   W   SVC: UB  tm it:all best Tm:1dh 1dv cg  LBh  LBv

Sun Oct 23 19:29:46 2005
 inst  m   W   SVC: UB  tm it:all best Tm:1dh 1dv cg  LBh  LBv

Sun Oct 23 19:32:43 2005
 inst  m   W   SVC: UB  tm it:all best Tm:1dh 1dv cg  LBh  LBv

Sun Oct 23 19:34:12 2005
 inst  m   W   SVC: UB  tm it:all best Tm:1dh 1dv cg  LBh  LBv

Sun Oct 23 19:36:37 2005
 inst  m   W   SVC: UB  tm it:all best Tm:1dh 1dv cg  LBh  LBv

Sun Oct 23 19:38:43 2005
 inst  m   W   SVC: UB  tm it:all best Tm:1dh 1dv cg  LBh  LBv

Sun Oct 23 19:47:18 2005
 inst  m   W   SVC: UB  tm it:all best Tm:1dh 1dv cg  LBh  LBv

Mon Oct 24 11:07:12 2005
 inst  m   W   SVC: UB  tm it:all best Tm:1dh 1dv cg  LBh  LBv
1 20 100 533 1.58 10000 1 
2 20 100 459 1.74 10000 1 
3 20 100 450 1.43 10000 1 
4 20 100 648 1.88 10000 1 
5 20 100 544 1.91 10000 1 
6 20 100 503 1.69 10000 1 
7 20 100 372 1.55 10000 2 
8 20 100 605 1.89 10000 1 
9 20 100 591 1.98 10000 1 
10 20 100 391 1.34 10000 2 
11 40 100 948 5.45 10000 1 
12 40 100 1196 5.67 10000 9 
13 40 100 902 5.53 10000 325 
14 40 100 1366 6.43 10000 2 
15 40 100 926 4.66 10000 24 
16 40 100 1074 5.2 10000 6 
17 40 100 1104 6.23 10000 4 
18 40 100 1081 4.8 10000 36 
19 40 100 789 5.01 10000 1 
20 40 100 1250 7.19 10000 1 
21 60 100 1694 12.96 10000 27 
22 60 100 1370 12.34 10000 2 
23 60 100 1657 13.69 10000 1 
24 60 100 1439 10.16 10000 1548 
25 60 100 1420 12.7 10000 6 
26 60 100 1459 13.76 10000 1 
27 60 100 1459 11.09 10000 1 
28 60 100 1697 11.1 10000 585 
29 60 100 1448 12.37 10000 1503 
30 60 100 1835 11.08 10000 4700 
31 80 100 2047 19.45 10000 3010 
32 80 100 2439 20.78 10000 16 
33 80 100 1998 17.69 10000 3 
34 80 100 2094 18.87 10000 415 
35 80 100 2304 25.36 10000 4 
36 80 100 2201 19.08 10000 50 
37 80 100 2345 20.55 10000 1598 
38 80 100 2202 21.5 10000 1571 
39 80 100 2299 20.95 10000 5 
40 80 100 2352 23.06 10000 2 
41 100 100 2677 32.37 10000 1786 
42 100 100 2638 27.91 10000 134 
43 100 100 2426 35.57 10000 43 
44 100 100 2603 37.49 10000 24 
45 100 100 2443 32 10000 9 
46 100 100 2821 30.15 10000 8390 
47 100 100 2639 33.23 10000 3290 
48 100 100 2815 33.76 10000 1501 
49 100 100 2515 32.33 10000 3002 
50 100 100 3045 32.71 10000 1501 

Mon Oct 24 13:00:22 2005
 inst  m   W   SVC: UB  tm it:all best Tm:1dh 1dv cg  LBh  LBv
1 20 100 520 1.66 10000 1501 
2 20 100 459 1.8 10000 1 
3 20 100 450 1.45 10000 1 
4 20 100 648 1.85 10000 1 
5 20 100 544 1.95 10000 1 
6 20 100 503 1.64 10000 1 
7 20 100 372 1.57 10000 2 
8 20 100 605 1.89 10000 1 
9 20 100 591 2.04 10000 1 
10 20 100 391 1.4 10000 2 
11 40 100 948 5.46 10000 1 
12 40 100 1190 5.68 10000 32 
13 40 100 902 5.61 10000 20 
14 40 100 1366 6.56 10000 2 
15 40 100 926 4.65 10000 31 
16 40 100 1068 5.3 10000 29 
17 40 100 1104 6.42 10000 4 
18 40 100 1081 4.92 10000 267 
19 40 100 789 4.96 10000 1 
20 40 100 1250 7.51 10000 1 
21 60 100 1706 12.83 10000 1555 
22 60 100 1370 12.36 10000 41 
23 60 100 1657 13.73 10000 1 
24 60 100 1425 10.08 10000 3020 
25 60 100 1420 12.46 10000 6 
26 60 100 1459 13.56 10000 1 
27 60 100 1459 10.93 10000 1 
28 60 100 1697 11.06 10000 3018 
29 60 100 1448 12.14 10000 1503 
30 60 100 1811 10.74 10000 6005 
31 80 100 2051 19.27 10000 18 
32 80 100 2439 20.82 10000 16 
33 80 100 1999 17.54 10000 358 
34 80 100 2094 18.79 10000 1646 
35 80 100 2304 25.28 10000 6 
36 80 100 2201 18.82 10000 69 
37 80 100 2345 20.38 10000 7813 
38 80 100 2202 21.38 10000 284 
39 80 100 2299 20.54 10000 5 
40 80 100 2352 22.71 10000 2 
41 100 100 2681 32.4 10000 6010 
42 100 100 2638 27.36 10000 12 
43 100 100 2426 35.54 10000 6 
44 100 100 2603 36.43 10000 22 
45 100 100 2443 31.67 10000 9 
46 100 100 2798 29.63 10000 54 
47 100 100 2639 32.88 10000 60 
48 100 100 2815 33.06 10000 3003 
49 100 100 2469 31.83 10000 5608 
50 100 100 3047 31.68 10000 7512 

Mon Oct 24 15:06:43 2005
 inst  m   W   SVC: UB  tm it:all best Tm:1dh 1dv cg  LBh  LBv
1 20 100 509 1.59 10000 2 
2 20 100 459 1.71 10000 1 
3 20 100 450 1.51 10000 1 
4 20 100 648 1.76 10000 1 
5 20 100 544 1.87 10000 1 
6 20 100 503 1.63 10000 1 
7 20 100 372 1.52 10000 1 
8 20 100 605 1.91 10000 1 
9 20 100 591 1.94 10000 1 
10 20 100 382 1.36 10000 23 
11 40 100 948 5.26 10000 1 
12 40 100 1190 5.27 10000 246 
13 40 100 913 5.48 10000 16 
14 40 100 1366 6.4 10000 2 
15 40 100 926 4.64 10000 40 
16 40 100 1074 4.77 10000 8 
17 40 100 1104 6.25 10000 4 
18 40 100 1081 4.85 10000 21 
19 40 100 789 4.92 10000 1 
20 40 100 1250 7.18 10000 1 
21 60 100 1694 12.09 10000 32 
22 60 100 1366 12 10000 19 
23 60 100 1657 13.19 10000 1 
24 60 100 1425 9.49 10000 121 
25 60 100 1420 12.2 10000 6 
26 60 100 1459 12.9 10000 1 
27 60 100 1459 10.98 10000 1 
28 60 100 1691 11.18 10000 12 
29 60 100 1450 11.47 10000 5004 
30 60 100 1795 10.04 10000 183 
31 80 100 2032 18.7 10000 390 
32 80 100 2439 20.09 10000 10 
33 80 100 1995 16.52 10000 9339 
34 80 100 2092 18.25 10000 5044 
35 80 100 2304 23.26 10000 6 
36 80 100 2201 18.58 10000 922 
37 80 100 2355 20.05 10000 5128 
38 80 100 2202 20.7 10000 38 
39 80 100 2299 18.8 10000 5 
40 80 100 2354 21.26 10000 10 
41 100 100 2664 30.47 10000 48 
42 100 100 2632 26.05 10000 74 
43 100 100 2426 33.6 10000 59 
44 100 100 2603 34.54 10000 10 
45 100 100 2443 28.95 10000 7 
46 100 100 2810 27.37 10000 591 
47 100 100 2631 30.6 10000 278 
48 100 100 2815 31.99 10000 554 
49 100 100 2465 29.33 10000 1534 
50 100 100 3045 30.77 10000 5010 

Fri Oct 28 07:55:16 2005
inst  m   W   SVC: UB  it_best/all tm_best/all gap%  TmRow: 5 30 300 3600 inf
1 20 100 478 10001 525585 2.31 120 8.8 478 478 478 478 478 478 
2 20 100 459 1 491127 0 120 21 459 459 459 459 459 459 
3 20 100 437 10008 577529 2.08 120 11 437 437 437 437 437 437 
4 20 100 648 1 469733 0 120 27 648 648 648 648 648 648 
5 20 100 544 1 458326 0 120 17 544 544 544 544 544 544 
6 20 100 503 1 528308 0 120 14 503 503 503 503 503 503 
7 20 100 372 1 542585 0 120 13 372 372 372 372 372 372 
8 20 100 605 1 443708 0 120 29 605 605 605 605 605 605 
9 20 100 591 1 493916 0 120 23 591 591 591 591 591 591 
10 20 100 382 40 593327 0.01 120 11 382 382 382 382 382 382 
11 40 100 948 1 170457 0 120 13 948 948 948 948 948 948 
12 40 100 1187 33 176100 0.03 120 15 1187 1187 1187 1187 1187 1187 
13 40 100 902 31 168734 0.02 120 8.2 902 902 902 902 902 902 
14 40 100 1366 1 153581 0 120 22 1366 1366 1366 1366 1366 1366 
15 40 100 922 30011 193029 18.9 120 17 926 922 922 922 922 922 
16 40 100 1068 10153 183319 6.63 120 12 1073 1068 1068 1068 1068 1068 
17 40 100 1104 1 160088 0 120 21 1104 1104 1104 1104 1104 1104 
18 40 100 1077 368 187434 0.21 120 13 1077 1077 1077 1077 1077 1077 
19 40 100 789 1 187847 0 120 14 789 789 789 789 789 789 
20 40 100 1250 1 144377 0 120 22 1250 1250 1250 1250 1250 1250 
21 60 100 1694 7 86163 0 120 15 1694 1694 1694 1694 1694 1694 
22 60 100 1341 24 85788 0.02 120 8.3 1341 1341 1341 1341 1341 1341 
23 60 100 1657 1 79808 0 120 18 1657 1657 1657 1657 1657 1657 
24 60 100 1423 40013 100526 47.8 120 11 1429 1429 1423 1423 1423 1423 
25 60 100 1420 7 85793 0.01 120 17 1420 1420 1420 1420 1420 1420 
26 60 100 1459 1 82355 0 120 20 1459 1459 1459 1459 1459 1459 
27 60 100 1459 1 91133 0 120 17 1459 1459 1459 1459 1459 1459 
28 60 100 1669 70016 91436 92.2 120 15 1675 1671 1669 1669 1669 1669 
29 60 100 1404 115 92917 0.15 120 10 1404 1404 1404 1404 1404 1404 
30 60 100 1795 135 96679 0.16 120 11 1795 1795 1795 1795 1795 1795 
31 80 100 1999 281 55537 0.62 120 11 1999 1999 1999 1999 1999 1999 
32 80 100 2439 33 52027 0.08 120 16 2439 2439 2439 2439 2439 2439 
33 80 100 1999 50045 59991 100 120 13 2001 2000 1999 1999 1999 1999 
34 80 100 2091 20092 55607 43.5 120 13 2092 2092 2091 2091 2091 2091 
35 80 100 2304 1 47375 0 120 17 2304 2304 2304 2304 2304 2304 
36 80 100 2202 13 55653 0.03 120 15 2202 2202 2202 2202 2202 2202 
37 80 100 2345 23 55244 0.05 120 14 2345 2345 2345 2345 2345 2345 
38 80 100 2202 5 52613 0 120 16 2202 2202 2202 2202 2202 2202 
39 80 100 2299 95 54606 0.19 120 16 2299 2299 2299 2299 2299 2299 
40 80 100 2350 10010 49577 24.1 120 15 2354 2350 2350 2350 2350 2350 
41 100 100 2663 2761 36516 9.11 120 13 2664 2663 2663 2663 2663 2663 
42 100 100 2631 10053 40469 30 120 13 2632 2631 2631 2631 2631 2631 
43 100 100 2426 4 34201 0.02 120 17 2426 2426 2426 2426 2426 2426 
44 100 100 2603 5 33061 0 120 15 2603 2603 2603 2603 2603 2603 
45 100 100 2443 13 37042 0.04 120 13 2443 2443 2443 2443 2443 2443 
46 100 100 2759 10579 40117 31.7 120 11 2760 2760 2759 2759 2759 2759 
47 100 100 2631 23 36918 0.07 120 15 2631 2631 2631 2631 2631 2631 
48 100 100 2814 20290 34670 69.8 120 15 2815 2815 2814 2814 2814 2814 
49 100 100 2448 10356 38750 31.9 120 8.3 2452 2452 2448 2448 2448 2448 
50 100 100 3038 13 36043 0.03 120 12 3038 3038 3038 3038 3038 3038 

Wed Aug 31 16:42:48 2011

[BL] fImproved 1 pInvertShove 0 0.03  [Solver] instFirst 1 instLast 1000000 statPeriod 10 fWriteSolution 0 [Sub_2DSPP] nScaleW 0 vsp -0.8 0.5  pTower 0 0  pChangeP_TIP 0.01 pInvertHole 0 0.05  pPermutateHole 0.8 1  pBubbleHole 0.6 0.9  [SVC_2DSPP] MaxTime 360 MaxIter 1e+100 NIterRandom 0 NIterSVC 1 ValReset 1000 19000  blockw_pow 2.1 0.1  p_bwpnew 0.1 BaseOrdering 2 1 1 1  p_choose 0.6 0.6  
inst  m   W   SVC: UB  it_best/all tm_best/all gap%  TmRow: 10 60 inf ave_best^
1 20 100 478 2 1908211 0 362 8.8 478 478 478 478
2 20 100 459 1 1783401 0 362 21 459 459 459 468.5
3 20 100 437 10 1946578 0 361 11 437 437 437 458
4 20 100 648 1 1639593 0 360 27 648 648 648 505.5
5 20 100 544 1 1651555 0 361 17 544 544 544 513.2
6 20 100 503 1 1783719 0 362 14 503 503 503 511.5
7 20 100 372 1 1915753 0 361 13 372 372 372 491.571
8 20 100 605 1 1618640 0 360 29 605 605 605 505.75
9 20 100 591 1 1662827 0 362 23 591 591 591 515.222
10 20 100 382 3 2146800 0 361 11 382 382 382 501.9
11 40 100 948 1 738052 0 362 13 948 948 948 542.455
12 40 100 1187 11 771507 0.01 362 15 1187 1187 1187 596.167
13 40 100 902 59 774096 0.02 361 8.2 902 902 902 619.692
14 40 100 1366 1 721259 0 361 22 1366 1366 1366 673
15 40 100 909 17 818719 0 362 16 909 909 909 688.733
16 40 100 1068 104 799959 0.05 362 12 1068 1068 1068 712.438
17 40 100 1104 2 731528 0 361 21 1104 1104 1104 735.471
18 40 100 1076 25 824017 0.02 360 12 1076 1076 1076 754.389
19 40 100 789 1 826281 0 361 14 789 789 789 756.211
20 40 100 1250 1 667713 0 362 22 1250 1250 1250 780.9
21 60 100 1694 1 438364 0 361 15 1694 1694 1694 824.381
22 60 100 1341 256 439835 0.21 360 8.3 1341 1341 1341 847.864
23 60 100 1657 4 425450 0 361 18 1657 1657 1657 883.043
24 60 100 1423 52 492179 0.04 362 11 1423 1423 1423 905.542
25 60 100 1420 3 440743 0 362 17 1420 1420 1420 926.12
26 60 100 1459 1 448119 0 361 20 1459 1459 1459 946.615
27 60 100 1459 1 453269 0.01 361 17 1459 1459 1459 965.593
28 60 100 1668 6 473149 0 362 15 1668 1668 1668 990.679
29 60 100 1385 169454 458121 134 361 8.8 1389 1389 1385 1004.28
30 60 100 1790 8 473817 0.01 361 10 1790 1790 1790 1030.47
31 80 100 1997 49 314439 0.06 362 11 1997 1997 1997 1061.65
32 80 100 2439 2 297703 0.01 360 16 2439 2439 2439 1104.69
33 80 100 1994 1326 328882 1.45 361 12 1994 1994 1994 1131.64
34 80 100 2091 96 303556 0.12 360 13 2091 2091 2091 1159.85
35 80 100 2304 1 268724 0 360 17 2304 2304 2304 1192.54
36 80 100 2201 44 319823 0.05 361 15 2201 2201 2201 1220.56
37 80 100 2345 13 313873 0.02 360 14 2345 2345 2345 1250.95
38 80 100 2202 1 296625 0 362 16 2202 2202 2202 1275.97
39 80 100 2299 9 306673 0.02 361 16 2299 2299 2299 1302.21
40 80 100 2349 4 299054 0.01 361 15 2349 2349 2349 1328.38
41 100 100 2663 15 222805 0.03 361 13 2663 2663 2663 1360.93
42 100 100 2629 11 237402 0.02 360 13 2629 2629 2629 1391.12
43 100 100 2426 2 212766 0 360 17 2426 2426 2426 1415.19
44 100 100 2603 3 204624 0.01 360 15 2603 2603 2603 1442.18
45 100 100 2443 4 224830 0 361 13 2443 2443 2443 1464.42
46 100 100 2759 1995 233623 3.07 361 11 2759 2759 2759 1492.57
47 100 100 2631 11 219187 0.02 361 15 2631 2631 2631 1516.79
48 100 100 2814 4 218147 0.01 360 15 2814 2814 2814 1543.81
49 100 100 2448 96 233441 0.16 360 8.3 2448 2448 2448 1562.27
50 100 100 3024 270 228706 0.42 362 11 3024 3024 3024 1591.5

Wed Sep 14 16:05:15 2011

[BL] fImproved 1 pInvertShove 0 0.03  [Solver] instFirst 1 instLast 1000000 statPeriod 10 fWriteSolution 0 [Sub_2DSPP] nScaleW 0 vsp -0.8 0.5  pTower 0 0  pChangeP_TIP 0.01 pInvertHole 0 0.05  pPermutateHole 0.8 1  pBubbleHole 0.6 0.9  [SVC_2DSPP] MaxTime 360 MaxIter 1e+100 NIterRandom 0 NIterSVC 1 ValReset 1000 19000  blockw_pow 2.1 0.1  p_bwpnew 0.1 BaseOrdering 2 1 1 1  p_choose 0.6 0.6  
inst  m   W   SVC: UB  it_best/all tm_best/all gap%  TmRow: 10 60 inf ave_best^
1 20 100 478 2 2735205 0 361 8.8 478 478 478 478
2 20 100 459 1 2566206 0 361 21 459 459 459 468.5
3 20 100 437 10 2792649 0 360 11 437 437 437 458
4 20 100 648 1 2372255 0 362 27 648 648 648 505.5
5 20 100 544 1 2392167 0 360 17 544 544 544 513.2
6 20 100 503 1 2568358 0 362 14 503 503 503 511.5
7 20 100 372 1 2764895 0 360 13 372 372 372 491.571
8 20 100 605 1 2327529 0 360 29 605 605 605 505.75
9 20 100 591 1 2391673 0 360 23 591 591 591 515.222
10 20 100 382 3 3092870 0 360 11 382 382 382 501.9
11 40 100 948 1 1062822 0 360 13 948 948 948 542.455
12 40 100 1187 11 1106828 0.01 361 15 1187 1187 1187 596.167
13 40 100 902 59 1105648 0.02 360 8.2 902 902 902 619.692
14 40 100 1366 1 1031792 0 361 22 1366 1366 1366 673
15 40 100 909 17 1184058 0.01 361 16 909 909 909 688.733
16 40 100 1068 104 1151913 0.04 360 12 1068 1068 1068 712.438
17 40 100 1104 2 1057498 0.01 361 21 1104 1104 1104 735.471
18 40 100 1076 25 1186522 0 361 12 1076 1076 1076 754.389
19 40 100 789 1 1180819 0 361 14 789 789 789 756.211
20 40 100 1250 1 950581 0 360 22 1250 1250 1250 780.9
21 60 100 1694 1 633283 0 362 15 1694 1694 1694 824.381
22 60 100 1341 256 640445 0.15 361 8.3 1341 1341 1341 847.864
23 60 100 1657 4 612559 0 360 18 1657 1657 1657 883.043
24 60 100 1423 52 710293 0.02 362 11 1423 1423 1423 905.542
25 60 100 1420 3 626975 0 361 17 1420 1420 1420 926.12
26 60 100 1459 1 643922 0 361 20 1459 1459 1459 946.615
27 60 100 1459 1 656069 0 362 17 1459 1459 1459 965.593
28 60 100 1668 6 682134 0 360 15 1668 1668 1668 990.679
29 60 100 1385 169454 654690 93.4 360 8.8 1389 1389 1385 1004.28
30 60 100 1790 8 684027 0 362 10 1790 1790 1790 1030.47
31 80 100 1997 49 448799 0.05 361 11 1997 1997 1997 1061.65
32 80 100 2439 2 424655 0 361 16 2439 2439 2439 1104.69
33 80 100 1994 1326 471325 1.01 360 12 1994 1994 1994 1131.64
34 80 100 2091 96 440132 0.08 361 13 2091 2091 2091 1159.85
35 80 100 2304 1 385730 0 360 17 2304 2304 2304 1192.54
36 80 100 2201 44 455566 0.05 360 15 2201 2201 2201 1220.56
37 80 100 2345 13 451584 0 361 14 2345 2345 2345 1250.95
38 80 100 2202 1 424521 0 360 16 2202 2202 2202 1275.97
39 80 100 2299 9 439484 0.01 362 16 2299 2299 2299 1302.21
40 80 100 2349 4 426926 0.01 361 15 2349 2349 2349 1328.38
41 100 100 2663 15 319625 0.02 361 13 2663 2663 2663 1360.93
42 100 100 2629 11 340880 0.02 360 13 2629 2629 2629 1391.12
43 100 100 2426 2 304174 0 361 17 2426 2426 2426 1415.19
44 100 100 2603 3 292327 0 361 15 2603 2603 2603 1442.18
45 100 100 2443 4 323772 0.02 361 13 2443 2443 2443 1464.42
46 100 100 2759 1995 333017 2.2 360 11 2759 2759 2759 1492.57
47 100 100 2631 11 312558 0.01 361 15 2631 2631 2631 1516.79
48 100 100 2814 4 311372 0.01 360 15 2814 2814 2814 1543.81
49 100 100 2448 96 334422 0.1 360 8.3 2448 2448 2448 1562.27
50 100 100 3024 270 325438 0.3 361 11 3024 3024 3024 1591.5
