C_8_351 LB=0 UB=499
20
100
56	75
47	84
13	82
48	89
21	66
27	96
33	69
33	69
47	92
18	80
15	99
31	93
35	91
21	73
8	68
39	90
34	99
36	73
13	79
10	42

C_8_352 LB=0 UB=513
20
100
36	72
48	69
16	68
11	97
74	50
84	13
72	1
45	71
74	53
66	81
16	72
41	88
90	19
68	61
34	86
49	78
9	97
88	4
74	13
19	77

C_8_353 LB=0 UB=461
20
100
29	87
25	26
40	88
44	98
29	90
16	97
47	95
41	80
42	66
19	83
15	75
49	71
76	29
88	19
45	98
20	70
2	78
9	81
36	42
2	77

C_8_354 LB=0 UB=532
20
100
11	79
84	31
18	91
78	55
27	87
8	88
40	68
16	74
54	53
2	98
24	88
65	82
45	92
7	80
79	23
26	74
47	35
24	71
76	75
99	55

C_8_355 LB=0 UB=436
20
100
46	99
8	78
9	46
41	99
25	80
3	88
44	83
42	79
15	7
9	71
90	66
4	66
18	68
26	97
48	79
27	96
32	74
6	97
18	89
12	100

C_8_356 LB=0 UB=491
20
100
7	70
12	95
36	95
49	99
43	86
39	87
28	80
87	42
41	15
27	87
32	11
25	99
1	73
27	43
48	74
31	76
22	78
39	76
25	84
49	96

C_8_357 LB=0 UB=361
20
100
3	99
11	35
44	76
47	72
92	12
11	39
90	35
4	79
35	37
24	68
92	16
22	94
44	82
48	87
3	71
2	82
14	81
34	80
29	74
43	19

C_8_358 LB=0 UB=438
20
100
5	95
9	92
2	94
27	79
2	78
22	69
6	82
46	95
12	70
98	33
21	77
27	84
83	55
34	81
48	81
19	22
16	77
32	82
86	89
23	29

C_8_359 LB=0 UB=534
20
100
18	84
49	80
49	86
37	96
7	90
28	97
43	96
21	82
7	69
68	80
99	20
18	76
19	91
21	85
77	7
26	18
42	86
34	91
46	70
97	33

C_8_360 LB=0 UB=326
20
100
25	39
15	69
37	48
9	72
26	72
6	42
44	82
7	67
39	95
10	93
12	74
16	69
13	91
24	100
42	13
36	80
49	43
1	80
34	83
18	99

C_8_361 LB=0 UB=1008
40
100
36	72
48	69
16	68
11	97
74	50
84	13
72	1
45	71
74	53
66	81
16	72
41	88
90	19
68	61
34	86
49	78
9	97
88	4
74	13
19	77
44	88
8	70
3	70
50	83
94	33
45	81
6	74
43	98
49	96
43	100
79	30
47	86
19	77
4	91
46	71
13	82
100	2
26	92
33	99
41	30

C_8_362 LB=0 UB=1112
40
100
11	79
84	31
18	91
78	55
27	87
8	88
40	68
16	74
54	53
2	98
24	88
65	82
45	92
7	80
79	23
26	74
47	35
24	71
76	75
99	55
59	93
2	70
95	89
33	72
34	13
42	77
83	15
29	83
21	96
44	92
18	66
37	68
68	87
8	80
22	66
6	95
29	94
83	66
38	73
37	96

C_8_363 LB=0 UB=912
40
100
7	70
12	95
36	95
49	99
43	86
39	87
28	80
87	42
41	15
27	87
32	11
25	99
1	73
27	43
48	74
31	76
22	78
39	76
25	84
49	96
5	92
12	66
13	67
28	90
50	79
47	99
14	93
19	92
6	74
44	69
26	92
22	66
24	77
51	75
100	48
36	85
4	88
22	70
90	20
73	15

C_8_364 LB=0 UB=1025
40
100
5	95
9	92
2	94
27	79
2	78
22	69
6	82
46	95
12	70
98	33
21	77
27	84
83	55
34	81
48	81
19	22
16	77
32	82
86	89
23	29
10	93
92	87
87	67
39	99
17	82
14	74
99	8
16	85
34	79
97	99
23	72
5	80
14	84
42	98
8	81
6	83
69	47
98	56
69	48
19	94

C_8_365 LB=0 UB=746
40
100
25	39
15	69
37	48
9	72
26	72
6	42
44	82
7	67
39	95
10	93
12	74
16	69
13	91
24	100
42	13
36	80
49	43
1	80
34	83
18	99
47	72
39	68
38	99
12	37
6	93
39	99
67	33
18	91
27	86
50	68
30	86
35	100
10	88
23	81
18	92
63	73
4	98
71	2
19	71
5	71

C_8_366 LB=0 UB=969
40
100
1	74
24	88
16	77
98	7
9	81
22	71
29	88
100	39
85	45
31	98
68	11
16	88
9	86
67	46
41	66
92	87
1	83
35	70
39	67
31	68
5	88
30	86
99	65
32	88
21	66
36	75
21	93
44	81
48	87
4	10
53	76
17	83
37	24
33	78
49	82
52	88
38	28
25	91
5	89
50	75

C_8_367 LB=0 UB=919
40
100
27	67
16	100
43	4
2	89
12	89
17	80
34	94
58	60
9	83
29	68
91	39
77	99
18	29
4	99
2	48
8	100
92	45
40	68
29	79
50	73
21	81
37	80
17	67
3	89
64	60
47	50
17	98
18	79
21	73
78	41
85	3
45	76
38	82
50	96
1	80
34	82
17	98
95	57
36	66
34	96

C_8_368 LB=0 UB=955
40
100
67	49
43	89
16	96
90	73
8	94
39	94
27	41
41	91
83	45
47	10
50	66
5	73
4	10
16	94
35	81
30	99
96	37
47	88
31	5
17	98
46	83
39	91
39	100
64	55
10	26
96	3
71	6
25	85
36	92
9	86
40	23
98	11
23	73
37	79
33	67
86	6
80	47
26	79
38	96
25	74

C_8_369 LB=0 UB=804
40
100
71	22
12	86
16	69
75	21
26	77
44	76
39	70
2	74
4	24
38	12
23	79
2	76
45	95
96	21
19	96
14	30
47	81
12	94
27	86
37	70
10	15
41	24
47	85
81	45
36	78
31	78
28	91
19	44
23	89
34	82
80	8
84	6
80	10
48	41
83	41
47	85
32	99
24	79
41	90
28	14

C_8_370 LB=0 UB=1092
40
100
17	90
68	76
14	68
22	76
38	83
29	87
40	100
39	83
69	77
1	99
77	57
17	100
13	94
90	27
27	84
56	83
78	16
31	78
38	71
8	86
90	3
38	79
10	66
21	92
14	66
7	89
45	68
46	70
4	73
38	72
41	80
82	89
6	88
30	98
99	48
30	87
19	77
83	95
78	37
40	91

C_8_371 LB=0 UB=1494
60
100
29	87
25	26
40	88
44	98
29	90
16	97
47	95
41	80
42	66
19	83
15	75
49	71
76	29
88	19
45	98
20	70
2	78
9	81
36	42
2	77
49	78
47	92
40	48
45	92
57	80
47	77
4	76
1	81
29	68
8	69
31	97
18	77
60	90
80	56
19	91
46	82
5	91
15	79
19	93
86	93
11	98
11	96
31	69
88	73
85	17
19	86
68	32
2	76
8	100
88	77
39	79
28	78
48	95
20	91
36	79
15	89
1	99
12	71
44	87
13	73

C_8_372 LB=0 UB=1463
60
100
7	70
12	95
36	95
49	99
43	86
39	87
28	80
87	42
41	15
27	87
32	11
25	99
1	73
27	43
48	74
31	76
22	78
39	76
25	84
49	96
5	92
12	66
13	67
28	90
50	79
47	99
14	93
19	92
6	74
44	69
26	92
22	66
24	77
51	75
100	48
36	85
4	88
22	70
90	20
73	15
45	73
4	66
32	68
100	14
48	100
47	69
41	100
48	83
13	66
67	22
12	70
59	97
39	75
19	100
44	83
32	87
27	92
48	93
38	69
16	84

C_8_373 LB=0 UB=1443
60
100
18	84
49	80
49	86
37	96
7	90
28	97
43	96
21	82
7	69
68	80
99	20
18	76
19	91
21	85
77	7
26	18
42	86
34	91
46	70
97	33
28	90
10	70
37	77
27	72
24	67
47	39
40	93
20	98
88	31
46	88
4	82
25	98
67	21
7	92
30	79
42	71
35	81
29	69
67	77
20	87
78	85
62	84
17	98
72	16
34	73
9	83
28	84
11	74
1	98
16	84
1	79
24	79
29	97
35	94
35	82
49	93
19	69
16	77
31	93
90	21

C_8_374 LB=0 UB=1280
60
100
1	74
24	88
16	77
98	7
9	81
22	71
29	88
100	39
85	45
31	98
68	11
16	88
9	86
67	46
41	66
92	87
1	83
35	70
39	67
31	68
5	88
30	86
99	65
32	88
21	66
36	75
21	93
44	81
48	87
4	10
53	76
17	83
37	24
33	78
49	82
52	88
38	28
25	91
5	89
50	75
1	96
27	78
82	6
8	1
25	80
42	73
4	92
29	100
10	72
78	15
45	89
60	58
8	73
6	87
48	93
4	87
17	81
5	71
13	71
10	75

C_8_375 LB=0 UB=1250
60
100
78	12
29	96
90	94
47	89
16	69
42	84
44	96
16	81
26	72
18	81
10	68
47	82
47	83
4	85
37	83
40	91
80	53
3	98
84	10
44	11
25	96
13	84
27	69
59	97
32	97
35	78
39	74
92	44
100	8
18	81
13	87
27	68
29	88
75	37
99	12
28	82
21	78
21	75
46	68
94	7
24	77
39	67
5	70
15	66
39	84
79	3
25	81
1	70
15	99
11	75
8	100
99	24
3	31
15	91
2	92
57	53
3	83
30	81
7	39
29	45

C_8_376 LB=0 UB=1343
60
100
71	22
12	86
16	69
75	21
26	77
44	76
39	70
2	74
4	24
38	12
23	79
2	76
45	95
96	21
19	96
14	30
47	81
12	94
27	86
37	70
10	15
41	24
47	85
81	45
36	78
31	78
28	91
19	44
23	89
34	82
80	8
84	6
80	10
48	41
83	41
47	85
32	99
24	79
41	90
28	14
4	100
11	72
69	91
71	59
37	73
72	13
9	71
76	68
33	89
21	84
10	92
43	92
40	79
43	67
72	79
21	79
8	77
27	93
47	88
11	74

C_8_377 LB=0 UB=1251
60
100
11	80
23	79
35	39
43	97
13	90
41	83
44	71
77	6
27	73
20	94
75	41
66	28
3	99
11	78
97	34
49	74
41	98
14	71
39	92
8	70
90	57
29	72
44	69
28	75
1	87
5	81
11	89
10	88
23	75
43	98
92	24
4	75
70	10
43	88
29	83
10	5
4	78
68	31
31	92
27	72
11	91
27	93
96	13
6	82
30	77
12	73
69	100
46	66
11	72
8	44
55	98
48	40
4	75
16	92
4	71
12	93
57	79
36	97
14	86
38	67

C_8_378 LB=0 UB=1515
60
100
45	14
33	81
21	100
4	16
50	75
3	74
32	69
86	12
16	83
90	14
4	81
18	78
45	99
28	84
38	1
77	38
34	88
34	67
34	94
28	19
85	78
50	92
41	96
66	12
49	91
29	91
10	70
35	76
73	55
69	97
40	88
81	81
10	91
21	79
88	20
39	72
57	80
35	67
37	78
8	99
18	90
10	98
2	86
39	49
39	66
97	53
79	51
32	74
23	29
45	81
18	90
36	91
17	79
5	67
68	80
67	22
24	79
27	96
31	92
30	79

C_8_379 LB=0 UB=1406
60
100
2	81
32	70
12	72
37	66
83	25
21	99
42	77
88	50
11	92
21	67
33	91
39	72
8	75
34	78
36	78
7	87
16	100
8	46
50	73
37	14
37	99
44	89
76	64
28	71
19	72
41	90
14	87
81	64
12	87
50	99
14	71
98	33
18	75
80	22
25	99
23	74
35	10
3	70
48	100
11	68
13	77
47	68
32	73
11	70
4	90
3	75
28	91
23	81
6	76
70	84
36	81
96	99
19	70
50	77
6	79
31	91
45	11
40	72
37	86
28	91

C_8_380 LB=0 UB=1528
60
100
38	90
24	82
18	75
88	98
27	97
4	99
14	85
24	85
28	76
46	35
20	69
21	79
41	99
49	88
39	96
30	82
15	95
14	95
19	96
50	93
1	99
40	75
11	69
82	66
49	76
85	47
64	79
27	69
8	97
28	94
30	75
32	69
29	90
39	99
7	11
100	18
61	88
12	76
45	79
28	95
6	67
47	46
45	39
19	84
12	85
44	91
56	70
21	82
30	77
2	93
31	14
35	89
9	76
22	68
16	79
11	68
50	84
3	87
62	86
98	86

C_8_381 LB=0 UB=1884
80
100
11	79
84	31
18	91
78	55
27	87
8	88
40	68
16	74
54	53
2	98
24	88
65	82
45	92
7	80
79	23
26	74
47	35
24	71
76	75
99	55
59	93
2	70
95	89
33	72
34	13
42	77
83	15
29	83
21	96
44	92
18	66
37	68
68	87
8	80
22	66
6	95
29	94
83	66
38	73
37	96
50	71
20	82
15	88
30	69
88	36
18	94
4	77
35	30
28	83
29	80
5	74
50	66
34	84
50	75
17	79
85	14
3	93
34	17
41	92
18	81
32	75
29	88
27	78
19	96
24	1
36	71
24	73
31	26
27	99
5	98
33	75
6	80
42	71
35	98
3	86
42	84
18	86
27	9
36	70
93	44

C_8_382 LB=0 UB=1980
80
100
5	95
9	92
2	94
27	79
2	78
22	69
6	82
46	95
12	70
98	33
21	77
27	84
83	55
34	81
48	81
19	22
16	77
32	82
86	89
23	29
10	93
92	87
87	67
39	99
17	82
14	74
99	8
16	85
34	79
97	99
23	72
5	80
14	84
42	98
8	81
6	83
69	47
98	56
69	48
19	94
71	28
17	85
14	90
43	78
22	80
47	73
34	89
78	56
99	74
38	69
16	96
26	71
36	94
41	74
10	16
85	69
36	78
6	86
76	49
6	96
47	71
33	72
32	96
88	79
79	9
21	2
60	50
32	84
4	80
21	5
1	79
38	90
1	97
33	79
3	100
69	6
8	88
6	97
66	92
34	92

C_8_383 LB=0 UB=1768
80
100
1	74
24	88
16	77
98	7
9	81
22	71
29	88
100	39
85	45
31	98
68	11
16	88
9	86
67	46
41	66
92	87
1	83
35	70
39	67
31	68
5	88
30	86
99	65
32	88
21	66
36	75
21	93
44	81
48	87
4	10
53	76
17	83
37	24
33	78
49	82
52	88
38	28
25	91
5	89
50	75
1	96
27	78
82	6
8	1
25	80
42	73
4	92
29	100
10	72
78	15
45	89
60	58
8	73
6	87
48	93
4	87
17	81
5	71
13	71
10	75
38	98
66	98
40	92
84	10
20	88
39	100
28	30
5	77
14	86
24	12
28	33
46	90
20	92
69	86
40	98
48	76
37	72
28	22
13	82
11	70

C_8_384 LB=0 UB=1762
80
100
67	49
43	89
16	96
90	73
8	94
39	94
27	41
41	91
83	45
47	10
50	66
5	73
4	10
16	94
35	81
30	99
96	37
47	88
31	5
17	98
46	83
39	91
39	100
64	55
10	26
96	3
71	6
25	85
36	92
9	86
40	23
98	11
23	73
37	79
33	67
86	6
80	47
26	79
38	96
25	74
32	96
27	33
4	98
32	87
4	67
40	70
88	11
50	73
38	81
14	95
22	91
30	67
33	69
50	93
23	83
22	69
41	49
47	99
36	25
25	79
9	68
7	20
11	90
41	98
40	80
27	67
47	71
17	90
32	100
10	97
97	43
6	90
90	40
53	51
5	93
6	98
1	95
10	79
26	98
77	20

C_8_385 LB=0 UB=2255
80
100
17	90
68	76
14	68
22	76
38	83
29	87
40	100
39	83
69	77
1	99
77	57
17	100
13	94
90	27
27	84
56	83
78	16
31	78
38	71
8	86
90	3
38	79
10	66
21	92
14	66
7	89
45	68
46	70
4	73
38	72
41	80
82	89
6	88
30	98
99	48
30	87
19	77
83	95
78	37
40	91
44	73
49	69
49	92
12	67
31	78
27	28
42	66
45	87
30	91
16	73
46	83
39	79
40	77
16	7
12	73
96	71
12	71
78	64
40	71
63	84
45	73
2	33
85	18
44	72
94	27
38	75
30	92
35	97
97	52
85	55
43	80
38	96
65	92
44	72
17	76
3	67
97	42
15	83
67	21
30	82

C_8_386 LB=0 UB=1920
80
100
45	14
33	81
21	100
4	16
50	75
3	74
32	69
86	12
16	83
90	14
4	81
18	78
45	99
28	84
38	1
77	38
34	88
34	67
34	94
28	19
85	78
50	92
41	96
66	12
49	91
29	91
10	70
35	76
73	55
69	97
40	88
81	81
10	91
21	79
88	20
39	72
57	80
35	67
37	78
8	99
18	90
10	98
2	86
39	49
39	66
97	53
79	51
32	74
23	29
45	81
18	90
36	91
17	79
5	67
68	80
67	22
24	79
27	96
31	92
30	79
42	89
11	99
54	56
19	85
22	71
6	74
41	91
20	100
13	44
13	40
38	86
33	88
16	95
31	28
47	88
7	84
31	67
11	85
18	99
43	88

C_8_387 LB=0 UB=1939
80
100
65	80
43	81
33	99
30	82
2	96
44	85
25	18
37	89
50	79
8	96
28	50
6	7
9	71
32	22
44	96
37	94
31	7
19	74
21	99
29	91
13	78
17	75
9	76
33	96
8	94
27	84
10	96
49	74
14	83
99	1
22	89
26	95
82	71
32	92
97	36
65	85
11	86
27	90
31	100
66	89
3	99
33	97
28	83
85	5
5	86
2	17
36	74
3	88
20	81
32	100
7	72
38	80
46	27
23	97
39	80
90	22
34	95
26	66
32	95
45	89
33	79
41	79
38	83
16	71
45	72
18	100
5	21
48	96
17	73
55	91
33	85
95	41
51	73
55	94
24	98
48	100
48	99
78	9
26	84
15	80

C_8_388 LB=0 UB=1991
80
100
76	28
90	20
50	66
77	63
12	27
22	89
1	69
19	89
78	37
19	73
15	81
23	76
38	72
79	98
89	100
38	9
19	44
50	99
26	93
15	75
11	93
83	58
24	94
4	87
65	96
27	87
34	68
4	72
87	15
34	76
69	29
16	100
8	97
66	12
39	76
90	51
48	92
31	79
34	75
25	76
48	95
22	92
41	82
22	93
11	71
25	79
9	45
31	84
35	35
39	74
39	85
50	75
21	82
16	77
30	81
33	90
18	82
53	83
34	86
27	71
27	91
52	60
48	98
32	94
99	11
75	50
83	27
49	91
30	98
37	66
62	68
28	96
24	96
80	14
13	80
18	12
30	67
18	38
25	37
20	42

C_8_389 LB=0 UB=1936
80
100
27	94
15	99
10	69
31	70
21	80
49	96
10	94
21	71
26	14
45	66
80	39
22	22
43	77
3	79
44	99
36	98
22	88
22	1
28	79
11	88
13	72
52	93
25	3
48	87
15	48
45	47
33	98
46	94
29	99
49	74
2	67
6	74
4	73
15	40
89	21
77	96
41	89
93	79
27	100
60	91
40	79
82	80
31	94
69	48
50	77
33	95
48	96
13	76
72	75
46	77
83	9
31	97
56	96
20	67
15	90
73	37
66	28
6	100
16	81
3	94
9	80
3	71
86	22
6	69
28	84
12	86
4	89
80	32
71	44
33	12
90	56
48	20
50	81
16	6
92	41
37	20
4	74
10	74
48	91
37	87

C_8_390 LB=0 UB=2140
80
100
36	92
34	66
1	83
7	71
44	77
33	96
15	72
11	71
14	70
43	100
41	70
28	79
46	71
15	77
85	14
6	95
93	22
49	97
28	88
46	84
45	98
97	36
39	75
47	82
12	89
51	88
12	70
10	87
40	32
71	51
96	60
35	66
31	95
66	28
43	84
71	82
88	14
44	76
50	68
20	83
46	47
48	75
20	95
29	86
80	42
14	82
1	96
1	98
8	99
41	98
43	7
34	82
70	17
30	86
48	87
85	14
66	97
30	83
14	77
85	64
39	39
43	88
91	64
52	78
22	95
17	66
31	82
88	3
17	70
2	88
81	94
24	92
24	89
50	82
44	84
28	91
43	81
8	85
68	71
42	98

C_8_391 LB=0 UB=2320
100
100
46	99
8	78
9	46
41	99
25	80
3	88
44	83
42	79
15	7
9	71
90	66
4	66
18	68
26	97
48	79
27	96
32	74
6	97
18	89
12	100
7	89
98	6
99	60
9	76
96	16
49	85
43	99
67	94
43	72
14	74
98	48
38	34
4	76
40	71
75	10
20	90
26	88
27	77
42	88
13	100
10	11
27	90
32	77
18	82
6	66
38	77
33	75
35	73
13	68
11	71
46	80
14	72
32	77
97	13
21	94
68	20
13	95
41	86
7	81
6	94
5	30
49	70
5	76
19	83
9	85
18	97
76	20
45	79
25	93
49	98
37	91
87	27
2	73
42	72
20	75
30	97
41	97
96	83
15	4
40	83
91	90
12	79
21	69
12	77
4	99
40	17
39	78
95	70
28	77
29	83
19	43
41	90
13	98
86	47
10	86
48	73
10	93
93	79
75	27
16	100

C_8_392 LB=0 UB=2328
100
100
25	39
15	69
37	48
9	72
26	72
6	42
44	82
7	67
39	95
10	93
12	74
16	69
13	91
24	100
42	13
36	80
49	43
1	80
34	83
18	99
47	72
39	68
38	99
12	37
6	93
39	99
67	33
18	91
27	86
50	68
30	86
35	100
10	88
23	81
18	92
63	73
4	98
71	2
19	71
5	71
10	23
4	96
30	93
7	6
28	10
13	98
4	89
70	64
8	72
32	73
39	92
98	35
49	80
14	91
36	69
34	77
1	95
7	83
44	34
33	11
16	84
61	75
15	24
93	66
42	81
78	86
47	83
65	84
29	87
69	9
40	92
50	74
29	100
46	96
45	75
45	67
40	87
47	93
12	66
3	69
12	82
11	48
41	99
21	79
47	84
35	78
87	9
2	96
43	96
22	100
33	87
44	87
100	70
79	42
46	75
48	31
20	10
79	97
21	72
63	91

C_8_393 LB=0 UB=2109
100
100
78	12
29	96
90	94
47	89
16	69
42	84
44	96
16	81
26	72
18	81
10	68
47	82
47	83
4	85
37	83
40	91
80	53
3	98
84	10
44	11
25	96
13	84
27	69
59	97
32	97
35	78
39	74
92	44
100	8
18	81
13	87
27	68
29	88
75	37
99	12
28	82
21	78
21	75
46	68
94	7
24	77
39	67
5	70
15	66
39	84
79	3
25	81
1	70
15	99
11	75
8	100
99	24
3	31
15	91
2	92
57	53
3	83
30	81
7	39
29	45
14	87
7	79
25	2
12	98
38	100
45	85
4	83
6	73
72	79
45	99
44	73
12	91
19	80
7	86
46	71
30	82
27	82
31	81
10	77
9	82
47	92
16	85
36	91
50	90
28	75
13	96
23	79
3	70
21	2
21	23
22	74
17	94
26	67
94	13
33	78
93	87
42	74
23	76
5	90
31	97

C_8_394 LB=0 UB=2607
100
100
17	90
68	76
14	68
22	76
38	83
29	87
40	100
39	83
69	77
1	99
77	57
17	100
13	94
90	27
27	84
56	83
78	16
31	78
38	71
8	86
90	3
38	79
10	66
21	92
14	66
7	89
45	68
46	70
4	73
38	72
41	80
82	89
6	88
30	98
99	48
30	87
19	77
83	95
78	37
40	91
44	73
49	69
49	92
12	67
31	78
27	28
42	66
45	87
30	91
16	73
46	83
39	79
40	77
16	7
12	73
96	71
12	71
78	64
40	71
63	84
45	73
2	33
85	18
44	72
94	27
38	75
30	92
35	97
97	52
85	55
43	80
38	96
65	92
44	72
17	76
3	67
97	42
15	83
67	21
30	82
38	68
47	2
1	92
18	70
41	84
41	94
10	78
17	67
7	74
47	94
31	71
29	71
34	71
14	68
14	73
2	84
22	77
43	84
8	83
37	69

C_8_395 LB=0 UB=2464
100
100
93	53
84	22
25	80
30	22
59	66
10	82
98	89
18	86
92	40
53	88
33	78
18	50
30	83
10	75
29	72
80	81
32	81
28	67
37	74
4	25
97	32
7	66
7	85
39	86
21	67
48	74
88	53
86	97
9	89
1	35
32	95
44	83
8	85
65	68
91	42
15	76
18	33
42	15
3	3
96	66
94	1
29	81
31	83
40	86
24	86
29	41
21	73
45	69
20	20
89	72
22	70
74	42
27	80
12	15
35	76
40	94
46	90
47	79
10	89
31	66
27	11
43	90
47	76
33	81
19	99
50	74
45	71
46	69
23	98
20	66
68	13
21	66
92	8
50	52
26	86
8	70
16	86
43	76
9	71
7	83
5	75
99	39
4	47
17	69
6	71
14	25
10	99
39	99
18	76
41	81
28	73
22	66
42	90
31	88
57	86
17	76
27	76
32	67
50	81
74	93

C_8_396 LB=0 UB=2304
100
100
38	90
24	82
18	75
88	98
27	97
4	99
14	85
24	85
28	76
46	35
20	69
21	79
41	99
49	88
39	96
30	82
15	95
14	95
19	96
50	93
1	99
40	75
11	69
82	66
49	76
85	47
64	79
27	69
8	97
28	94
30	75
32	69
29	90
39	99
7	11
100	18
61	88
12	76
45	79
28	95
6	67
47	46
45	39
19	84
12	85
44	91
56	70
21	82
30	77
2	93
31	14
35	89
9	76
22	68
16	79
11	68
50	84
3	87
62	86
98	86
3	99
46	78
21	75
47	86
17	88
50	68
41	68
8	90
43	86
17	86
23	6
30	67
31	37
45	3
17	79
14	87
30	69
35	91
22	97
9	80
41	91
91	34
39	87
17	24
14	86
50	42
17	86
36	38
49	89
82	11
8	93
16	74
45	100
11	95
9	73
9	100
67	27
72	36
23	97
13	99

C_8_397 LB=0 UB=2317
100
100
21	82
4	67
62	75
41	12
70	5
69	24
5	74
48	93
5	99
19	8
9	12
18	85
15	67
96	3
24	22
49	30
36	79
31	72
66	44
41	95
20	98
86	28
40	85
46	77
14	91
90	57
41	82
73	2
80	38
12	50
67	31
39	100
92	1
45	67
27	100
29	72
19	83
40	78
13	86
30	86
10	74
47	97
72	22
43	74
13	72
16	88
68	76
17	70
28	79
46	89
90	91
3	74
4	94
38	97
22	78
1	86
92	74
91	68
16	70
72	10
42	78
56	53
22	71
31	100
4	83
33	50
39	79
14	67
27	95
22	71
18	96
8	17
12	81
81	29
71	29
14	95
8	75
84	60
11	84
32	87
16	77
8	4
25	90
60	79
36	87
43	71
50	69
2	94
17	71
89	75
37	92
5	13
60	96
48	68
36	87
19	48
15	97
18	96
47	91
97	43

C_8_398 LB=0 UB=2506
100
100
36	92
34	66
1	83
7	71
44	77
33	96
15	72
11	71
14	70
43	100
41	70
28	79
46	71
15	77
85	14
6	95
93	22
49	97
28	88
46	84
45	98
97	36
39	75
47	82
12	89
51	88
12	70
10	87
40	32
71	51
96	60
35	66
31	95
66	28
43	84
71	82
88	14
44	76
50	68
20	83
46	47
48	75
20	95
29	86
80	42
14	82
1	96
1	98
8	99
41	98
43	7
34	82
70	17
30	86
48	87
85	14
66	97
30	83
14	77
85	64
39	39
43	88
91	64
52	78
22	95
17	66
31	82
88	3
17	70
2	88
81	94
24	92
24	89
50	82
44	84
28	91
43	81
8	85
68	71
42	98
23	81
29	96
5	84
19	78
15	89
11	80
52	95
7	66
18	8
5	9
12	82
7	97
83	93
11	72
33	76
18	66
72	40
28	80
16	17
41	79

C_8_399 LB=0 UB=2391
100
100
1	81
8	91
52	58
30	69
7	81
29	84
14	75
6	67
24	89
12	86
87	82
97	11
3	71
69	44
22	74
45	87
44	44
12	79
19	68
7	74
46	94
30	71
27	70
30	69
10	100
9	7
46	80
16	11
36	79
50	78
28	98
13	85
23	3
3	93
21	90
21	69
22	98
77	25
26	35
41	97
33	66
43	80
42	46
23	99
5	78
31	85
20	79
77	11
88	98
30	98
10	68
71	86
34	92
94	28
12	100
39	81
42	93
14	80
25	71
17	21
11	68
48	83
49	85
7	87
41	86
44	41
36	72
72	3
83	66
2	78
34	67
23	37
37	76
21	71
96	7
48	87
3	83
67	9
76	23
35	92
30	99
45	80
48	66
89	7
79	32
50	97
93	91
44	37
20	84
16	87
49	95
15	29
32	89
43	85
18	69
49	88
6	68
33	92
97	79
94	97

C_8_400 LB=0 UB=2803
100
100
12	96
46	69
12	94
28	98
39	42
14	78
95	95
2	76
29	66
43	95
40	72
38	98
86	22
85	78
47	91
35	92
92	53
38	84
16	83
96	43
17	48
3	91
46	83
75	8
3	68
29	70
87	86
47	90
50	22
77	41
41	72
91	73
10	66
17	90
6	97
46	82
31	95
29	94
33	94
14	91
75	45
2	72
80	50
43	72
8	71
36	39
22	79
33	97
14	89
33	86
34	67
85	93
32	81
41	89
7	97
49	66
11	80
11	99
43	50
25	22
2	32
42	82
39	77
12	68
5	69
90	12
48	97
60	98
19	93
40	74
18	90
22	68
45	90
7	81
50	91
94	70
33	95
35	46
44	66
28	100
32	73
24	87
99	75
24	93
43	95
83	27
65	62
31	95
16	90
89	85
96	11
50	69
50	39
75	5
34	80
31	87
46	69
50	90
36	95
23	78

