Mon Aug 15 16:26:39 2005

 inst  m   W   SVC:tm it:all best Tm:1dh 1dv cg  UB  LBh  LBv
   1   20  100 0.01 1000    1 0.01    0    0% 1423 1423    0
   2   20  100 0.01 1000    1 0.01    0    0%  946  946    0
   3   20  100 0.01 1000   20 0.01    0  100% 1076 1076    0
   4   20  100 0.02 1000    1    0    0    0% 1180 1180    0
   5   20  100 0.02 1000    1    0    0    0% 1269 1269    0
   6   20  100 0.02 1000    4 0.01    0  100% 1156 1156    0
   7   20  100 0.02 1000   20 0.01    0  100%  730  730    0
   8   20  100 0.02 1000    4 0.01    0  100% 1068 1068    0
   9   20  100 0.02 1000    1    0    0    0% 1250 1250    0
  10   20  100 0.02 1000    5 0.01    0  100%  970  970    0
  11   40  100 0.04 1000  219 0.02 0.09   27% 1910 1907 1907
  12   40  100 0.03 1000    1 0.01    0    0% 2406 2406    0
  13   40  100 0.04 1000    3 0.02    0   50% 2257 2257    0
  14   40  100 0.04 1000    4 0.01    0  100% 2419 2419    0
  15   40  100 0.04 1000   45 0.04    0   75% 2083 2083    0
  16   40  100 0.04 1000    1 0.01    0  100% 2330 2330    0
  17   40  100 0.04 1000   20 0.02    0   50% 1896 1896    0
  18   40  100 0.04 1000    1    0    0    0% 2199 2199    0
  19   40  100 0.04 1000   18 0.03  0.1   30% 1734 1731 1731
  20   40  100 0.04 1000    1    0    0    0% 2672 2672    0
  21   60  100 0.06 1000   18 0.05    0   75% 3622 3622    0
  22   60  100 0.05 1000   22 0.03    0   66% 3550 3550    0
  23   60  100 0.06 1000   12 0.02    0  100% 3719 3719    0
  24   60  100 0.06 1000    1 0.01    0  100% 3440 3440    0
  25   60  100 0.06 1000    1 0.02    0  100% 3146 3146    0
  26   60  100 0.06 1000   23 0.06    0   50% 2902 2902    0
  27   60  100 0.07 1000    4 0.03    0  100% 3217 3217    0
  28   60  100 0.06 1000    2 0.01    0  100% 3626 3626    0
  29   60  100 0.06 1000   21 0.05    0   80% 3296 3296    0
  30   60  100 0.06 1000   20 0.04    0  100% 3586 3586    0
  31   80  100 0.09 1000   14 0.05    0   80% 4481 4481    0
  32   80  100 0.09 1000   18 0.07    0   85% 4555 4555    0
  33   80  100  0.1 1000    1 0.05    0   40% 4491 4491    0
  34   80  100 0.09 1000    8 0.06    0  100% 4409 4409    0
  35   80  100 0.08 1000   10 0.03    0   66% 4792 4792    0
  36   80  100 0.09 1000   13 0.05    0   60% 4800 4800    0
  37   80  100 0.09 1000   16 0.06    0   66% 4828 4828    0
  38   80  100 0.09 1000   11 0.03    0   66% 4673 4673    0
  39   80  100  0.1 1000   17 0.11    0   45% 4110 4110    0
  40   80  100 0.09 1000   22 0.04 2.49    4% 4742 4705 4705
  41  100  100 0.13 1000   19  0.1    0   60% 5613 5613    0
  42  100  100 0.13 1000   21 0.24    0   83% 5066 5066    0
  43  100  100 0.14 1000   23  0.1    0   80% 5217 5217    0
  44  100  100 0.13 1000   23 0.05    0   60% 5858 5858    0
  45  100  100 0.13 1000   18 0.16    0   56% 4956 4956    0
  46  100  100 0.13 1000   25 0.14    0   71% 5754 5754    0
  47  100  100 0.13 1000   14 0.09    0   88% 5179 5179    0
  48  100  100 0.12 1000   19 0.08 6.59    3% 5821 5784 5784
  49  100  100 0.12 1000   21 0.19    0   77% 5148 5148    0
  50  100  100 0.12 1000   20 0.12    0   91% 5737 5737    0

Fri Sep 30 18:33:36 2005
 inst  m   W   SVC: UB  tm it:all best Tm:1dh 1dv cg  LBh  LBv
1 20 100 1423 1.97 100000 1 0 0 0 0 0 
2 20 100 946 2 100000 2 0 0 0.34 0 0 
3 20 100 1076 2.03 100000 17 0 0 1.33 0 0 
4 20 100 1180 2.03 100000 2 0 0 0 0 0 
5 20 100 1269 2.23 100000 1 0 0 0 0 0 
6 20 100 1156 2.07 100000 3 0 0 0 0 0 
7 20 100 730 2.32 100000 11 0 0 0 0 0 
8 20 100 1068 2.17 100000 3 0 0 0 0 0 
9 20 100 1250 2.06 100000 1 0 0 0 0 0 
10 20 100 970 2.28 100000 4 0 0 0 0 0 
11 40 100 1910 4.11 100000 144 0 0 2.41 0 0 
12 40 100 2406 4.08 100000 3 0 0 0 0 0 
13 40 100 2257 4.4 100000 2 0 0 0 0 0 
14 40 100 2419 4.36 100000 3 0 0 0 0 0 
15 40 100 2083 4.44 100000 12 0 0 0 0 0 
16 40 100 2330 4.22 100000 1 0 0 0 0 0 
17 40 100 1896 4.84 100000 11 0 0 0 0 0 
18 40 100 2199 4.12 100000 1 0 0 0 0 0 
19 40 100 1734 4.39 100000 199 0 0 0.71 0 0 
20 40 100 2672 3.82 100000 1 0 0 0 0 0 
21 60 100 3622 6.79 100000 13 0 0 0.75 0 0 
22 60 100 3550 6.92 100000 11 0 0 0 0 0 
23 60 100 3719 6.78 100000 11 0 0 0 0 0 
24 60 100 3440 7.01 100000 1 0 0 0 0 0 
25 60 100 3146 7.24 100000 1 0 0 0 0 0 
26 60 100 2902 6.98 100000 12 0 0 0 0 0 
27 60 100 3217 7.11 100000 3 0 0 0 0 0 
28 60 100 3626 6.81 100000 1 0 0 0 0 0 
29 60 100 3296 6.83 100000 13 0 0 0 0 0 
30 60 100 3586 7.32 100000 12 0 0 0 0 0 
31 80 100 4481 10.36 100000 13 0 0 0.49 0 0 
32 80 100 4555 10.17 100000 11 0 0 0 0 0 
33 80 100 4491 10.51 100000 10 0 0 0 0 0 
34 80 100 4409 10.35 100000 7 0 0 0 0 0 
35 80 100 4792 9.81 100000 9 0 0 0 0 0 
36 80 100 4800 9.86 100000 13 0 0 0 0 0 
37 80 100 4828 10.48 100000 11 0 0 0 0 0 
38 80 100 4673 10.03 100000 1 0 0 0 0 0 
39 80 100 4110 10.88 100000 11 0 0 0 0 0 
40 80 100 4742 9.68 100000 14 0 0 0 0 0 
41 100 100 5613 14.1 100000 11 0 0 0.34 0 0 
42 100 100 5066 14.65 100000 15 0 0 0.1 0 0 
43 100 100 5217 14.63 100000 14 0 0 0 0 0 
44 100 100 5858 13.65 100000 11 0 0 0 0 0 
45 100 100 4956 14.8 100000 14 0 0 0 0 0 
46 100 100 5754 14.61 100000 13 0 0 0 0 0 
47 100 100 5179 13.77 100000 13 0 0 0 0 0 
48 100 100 5821 13.49 100000 11 0 0 0 0 0 
49 100 100 5148 14.12 100000 16 0 0 0 0 0 
50 100 100 5737 14.02 100000 14 0 0 0 0 0 

Thu Oct  6 19:24:47 2005
 inst  m   W   SVC: UB  tm it:all best Tm:1dh 1dv cg  LBh  LBv
1 20 100 1423 0.48 10000 1 0 0 0 0 0 
2 20 100 946 0.49 10000 1 0 0 0 0 0 
3 20 100 1076 0.5 10000 21 0 0 5.99 0 0 
4 20 100 1180 0.48 10000 1 0 0 0 0 0 
5 20 100 1269 0.52 10000 1 0 0 0 0 0 
6 20 100 1156 0.5 10000 3 0 0 0 0 0 
7 20 100 730 0.55 10000 23 0 0 0 0 0 
8 20 100 1068 0.51 10000 3 0 0 0 0 0 
9 20 100 1250 0.48 10000 1 0 0 0 0 0 
10 20 100 970 0.52 10000 4 0 0 0 0 0 
11 40 100 1910 1.01 10000 1331 0 0 14.24 0 0 
12 40 100 2406 0.98 10000 1 0 0 0 0 0 
13 40 100 2257 1.01 10000 2 0 0 0 0 0 
14 40 100 2419 1.01 10000 3 0 0 0 0 0 
15 40 100 2083 1.06 10000 11 0 0 0 0 0 
16 40 100 2330 1 10000 1 0 0 0 0 0 
17 40 100 1896 1.12 10000 11 0 0 0 0 0 
18 40 100 2199 1.01 10000 2 0 0 0 0 0 
19 40 100 1734 1.05 10000 12 0 0 0 0 0 
20 40 100 2672 0.96 10000 1 0 0 0 0 0 
21 60 100 3622 1.59 10000 16 0 0 3.48 0 0 
22 60 100 3550 1.59 10000 11 0 0 0 0 0 
23 60 100 3719 1.55 10000 11 0 0 0 0 0 
24 60 100 3440 1.61 10000 1 0 0 0 0 0 
25 60 100 3146 1.6 10000 1 0 0 0 0 0 
26 60 100 2902 1.62 10000 18 0 0 0 0 0 
27 60 100 3217 1.63 10000 3 0 0 0 0 0 
28 60 100 3626 1.54 10000 1 0 0 0 0 0 
29 60 100 3296 1.59 10000 13 0 0 0 0 0 
30 60 100 3586 1.65 10000 17 0 0 0 0 0 
31 80 100 4481 2.26 10000 12 0 0 2.19 0 0 
32 80 100 4555 2.32 10000 13 0 0 0.29 0 0 
33 80 100 4491 2.3 10000 10 0 0 0 0 0 
34 80 100 4409 2.3 10000 7 0 0 0 0 0 
35 80 100 4792 2.19 10000 9 0 0 0 0 0 
36 80 100 4800 2.2 10000 14 0 0 0 0 0 
37 80 100 4828 2.27 10000 11 0 0 0 0 0 
38 80 100 4673 2.21 10000 10 0 0 0 0 0 
39 80 100 4110 2.34 10000 14 0 0 0 0 0 
40 80 100 4742 2.19 10000 20 0 0 0 0 0 
41 100 100 5613 3.06 10000 17 0 0 1.85 0 0 
42 100 100 5066 3.08 10000 23 0 0 0.63 0 0 
43 100 100 5217 3.08 10000 15 0 0 0 0 0 
44 100 100 5858 2.88 10000 12 0 0 0 0 0 
45 100 100 4956 3.08 10000 12 0 0 0 0 0 
46 100 100 5754 3.07 10000 24 0 0 0 0 0 
47 100 100 5179 3 10000 15 0 0 0 0 0 
48 100 100 5821 2.94 10000 16 0 0 0 0 0 
49 100 100 5148 3.05 10000 23 0 0 0 0 0 
50 100 100 5737 2.94 10000 12 0 0 0 0 0 

Sun Oct  9 20:45:04 2005
 inst  m   W   SVC: UB  tm it:all best Tm:1dh 1dv cg  LBh  LBv
1 20 100 1423 2.44 10000 1 0 0 0 0 0 
2 20 100 946 2.39 10000 1 0 0 0 0 0 
3 20 100 1076 2.07 10000 1 0 0 0 0 0 
4 20 100 1180 2.36 10000 2 0 0 0 0 0 
5 20 100 1269 2.04 10000 1 0 0 0 0 0 
6 20 100 1156 2.09 10000 1006 0 0 3.3 0 0 
7 20 100 730 1.66 10000 9 0 0 0 0 0 
8 20 100 1068 1.93 10000 2 0 0 0 0 0 
9 20 100 1250 2.13 10000 1 0 0 0 0 0 
10 20 100 970 1.76 10000 1 0 0 0 0 0 
11 40 100 1914 6.16 10000 9502 0 0 2.97 0 0 
12 40 100 2406 6.87 10000 1 0 0 0 0 0 
13 40 100 2257 6.33 10000 3 0 0 0 0 0 
14 40 100 2419 6.37 10000 2 0 0 0 0 0 
15 40 100 2083 5.25 10000 3 0 0 0 0 0 
16 40 100 2330 7.02 10000 2 0 0 0 0 0 
17 40 100 1896 5.25 10000 2 0 0 0 0 0 
18 40 100 2199 6.6 10000 1 0 0 0 0 0 
19 40 100 1738 5.4 10000 7 0 0 0 0 0 
20 40 100 2672 8.22 10000 1 0 0 0 0 0 
21 60 100 3622 12.97 10000 5 0 0 0.24 0 0 
22 60 100 3550 14.5 10000 3 0 0 0 0 0 
23 60 100 3719 15.05 10000 2 0 0 0 0 0 
24 60 100 3440 14.33 10000 1 0 0 0 0 0 
25 60 100 3146 13.77 10000 1 0 0 0 0 0 
26 60 100 2902 12 10000 20 0 0 0.18 0 0 
27 60 100 3217 12.66 10000 1 0 0 0 0 0 
28 60 100 3626 15.57 10000 1 0 0 0 0 0 
29 60 100 3296 12.69 10000 2 0 0 0 0 0 
30 60 100 3586 12.58 10000 1 0 0 0 0 0 
31 80 100 4481 22.97 10000 1 0 0 0 0 0 
32 80 100 4555 22.3 10000 3 0 0 0.04 0 0 
33 80 100 4491 23.11 10000 2 0 0 0 0 0 
34 80 100 4409 23.11 10000 1 0 0 0 0 0 
35 80 100 4792 28.44 10000 1 0 0 0 0 0 
36 80 100 4800 25.75 10000 1 0 0 0 0 0 
37 80 100 4828 22.81 10000 8 0 0 0 0 0 
38 80 100 4673 24.89 10000 1 0 0 0 0 0 
39 80 100 4110 20.43 10000 6 0 0 0 0 0 
40 80 100 4742 25.57 10000 4 0 0 0 0 0 
41 100 100 5613 34.88 10000 2 0 0.01 0.03 0 0 
42 100 100 5066 27.75 10000 4 0 0 0.03 0 0 
43 100 100 5217 33.73 10000 5 0 0 0 0 0 
44 100 100 5858 41.43 10000 2 0 0 0 0 0 
45 100 100 4956 32.13 10000 6 0 0 0 0 0 
46 100 100 5754 33.25 10000 2 0 0 0 0 0 
47 100 100 5179 34.48 10000 4 0 0 0 0 0 
48 100 100 5821 37.97 10000 8 0 0 0 0 0 
49 100 100 5148 33.6 10000 5 0 0 0 0 0 
50 100 100 5737 37.09 10000 6 0 0 0 0 0 

Mon Oct 10 15:16:18 2005
 inst  m   W   SVC: UB  tm it:all best Tm:1dh 1dv cg  LBh  LBv
1 20 100 1423 2.41 10000 1 0 0 0 0 0 
2 20 100 946 2.23 10000 1 0 0 0 0 0 
3 20 100 1076 1.92 10000 1 0 0 0 0 0 
4 20 100 1180 2.22 10000 2 0 0 0 0 0 
5 20 100 1269 1.99 10000 1 0 0 0 0 0 
6 20 100 1156 1.98 10000 7 0 0 0.35 0 0 
7 20 100 730 1.56 10000 11 0 0 0 0 0 
8 20 100 1068 1.76 10000 2 0 0 0 0 0 
9 20 100 1250 2.11 10000 1 0 0 0 0 0 
10 20 100 970 1.6 10000 1 0 0 0 0 0 
11 40 100 1915 5.74 10000 3 0 0 0.38 0 0 
12 40 100 2406 6.51 10000 1 0 0 0 0 0 
13 40 100 2257 5.93 10000 3 0 0 0 0 0 
14 40 100 2419 6.14 10000 2 0 0 0 0 0 
15 40 100 2083 5.03 10000 2 0 0 0 0 0 
16 40 100 2330 6.9 10000 2 0 0 0 0 0 
17 40 100 1896 4.83 10000 2 0 0 0 0 0 
18 40 100 2199 6.42 10000 1 0 0 0 0 0 
19 40 100 1738 4.98 10000 7 0 0 0 0 0 
20 40 100 2672 8.19 10000 1 0 0 0 0 0 
21 60 100 3622 12.14 10000 2 0 0 0.11 0 0 
22 60 100 3550 13.94 10000 3 0 0 0.04 0 0 
23 60 100 3719 14.76 10000 2 0 0 0 0 0 
24 60 100 3440 14.39 10000 1 0 0 0 0 0 
25 60 100 3146 13.04 10000 1 0 0 0 0 0 
26 60 100 2902 11 10000 65 0 0 0.36 0 0 
27 60 100 3217 12.02 10000 1 0 0 0 0 0 
28 60 100 3626 15.16 10000 1 0 0 0 0 0 
29 60 100 3296 11.26 10000 2 0 0 0 0 0 
30 60 100 3586 11.42 10000 1 0 0 0 0 0 
31 80 100 4481 21.45 10000 1 0 0 0 0 0 
32 80 100 4555 20.69 10000 5 0 0 0.07 0 0 
33 80 100 4491 21.96 10000 2 0 0 0 0 0 
34 80 100 4409 22.04 10000 1 0 0 0 0 0 
35 80 100 4792 27.68 10000 1 0 0 0 0 0 
36 80 100 4800 24.41 10000 1 0 0 0 0 0 
37 80 100 4828 21.04 10000 8 0 0 0 0 0 
38 80 100 4673 23.96 10000 1 0 0 0 0 0 
39 80 100 4110 18.53 10000 6 0 0 0 0 0 
40 80 100 4742 24.12 10000 4 0 0 0 0 0 
41 100 100 5613 32.03 10000 2 0 0 0.04 0 0 
42 100 100 5066 23.87 10000 5 0 0 0.05 0 0 
43 100 100 5217 30.6 10000 3 0 0 0 0 0 
44 100 100 5858 40.06 10000 4 0 0 0 0 0 
45 100 100 4956 28.68 10000 5 0 0 0 0 0 
46 100 100 5754 29.41 10000 5 0 0 0 0 0 
47 100 100 5179 31.25 10000 6 0 0 0 0 0 
48 100 100 5821 35.48 10000 4 0 0 0 0 0 
49 100 100 5148 29.69 10000 5 0 0 0 0 0 
50 100 100 5737 33.18 10000 7 0 0 0 0 0 

Mon Oct 10 19:08:36 2005
 inst  m   W   SVC: UB  tm it:all best Tm:1dh 1dv cg  LBh  LBv
1 20 100 1423 1.45 10000 1 0 0 0 0 0 
2 20 100 946 1.34 10000 1 0 0 0 0 0 
3 20 100 1076 1.16 10000 3 0 0 0.59 0 0 
4 20 100 1180 1.36 10000 1 0 0 0 0 0 
5 20 100 1269 1.23 10000 1 0 0 0 0 0 
6 20 100 1156 1.25 10000 10 0 0 1.1 0 0 
7 20 100 730 1.04 10000 13 0 0 0 0 0 
8 20 100 1068 1.12 10000 3 0 0 0 0 0 
9 20 100 1250 1.29 10000 1 0 0 0 0 0 
10 20 100 970 1.08 10000 4 0 0 0 0 0 
11 40 100 1910 3.31 10000 904 0 0 4.11 0 0 
12 40 100 2406 3.79 10000 1 0 0 0 0 0 
13 40 100 2257 3.51 10000 2 0 0 0 0 0 
14 40 100 2419 3.4 10000 3 0.01 0 0 0 0 
15 40 100 2083 2.89 10000 5 0 0 0 0 0 
16 40 100 2330 3.9 10000 1 0 0 0 0 0 
17 40 100 1896 2.96 10000 11 0 0 0 0 0 
18 40 100 2199 3.72 10000 2 0 0 0 0 0 
19 40 100 1734 3 10000 4476 0 0 2.72 0 0 
20 40 100 2672 4.52 10000 1 0 0 0 0 0 
21 60 100 3622 6.73 10000 5 0 0 0.47 0 0 
22 60 100 3550 7.7 10000 7 0 0 0.14 0 0 
23 60 100 3719 7.81 10000 11 0 0 0 0 0 
24 60 100 3440 7.99 10000 1 0 0 0 0 0 
25 60 100 3146 7.15 10000 1 0 0 0 0 0 
26 60 100 2902 6.14 10000 14 0 0 0 0 0 
27 60 100 3217 6.64 10000 3 0 0 0 0 0 
28 60 100 3626 7.89 10000 1 0 0 0 0 0 
29 60 100 3296 6.57 10000 2 0 0 0 0 0 
30 60 100 3586 6.5 10000 8 0 0 0 0 0 
31 80 100 4481 11.68 10000 6 0 0 0.3 0 0 
32 80 100 4555 11.45 10000 2 0 0 0 0 0 
33 80 100 4491 12.5 10000 7 0 0 0 0 0 
34 80 100 4409 11.86 10000 7 0 0 0 0 0 
35 80 100 4792 14.8 10000 2 0 0 0 0 0 
36 80 100 4800 13.7 10000 4 0 0 0 0 0 
37 80 100 4828 11.57 10000 3 0 0 0 0 0 
38 80 100 4673 13.06 10000 7 0 0 0 0 0 
39 80 100 4110 10.06 10000 8 0 0 0 0 0 
40 80 100 4742 13.15 10000 3 0 0 0 0 0 
41 100 100 5613 17.3 10000 9 0 0 0.25 0 0 
42 100 100 5066 13.38 10000 13 0 0 0.12 0 0 
43 100 100 5217 16.73 10000 17 0 0 0 0 0 
44 100 100 5858 21.48 10000 4 0 0 0 0 0 
45 100 100 4956 15.69 10000 4 0 0 0 0 0 
46 100 100 5754 16.12 10000 5 0 0 0 0 0 
47 100 100 5179 16.98 10000 6 0 0 0 0 0 
48 100 100 5821 19.14 10000 4 0 0 0 0 0 
49 100 100 5148 16.2 10000 6 0 0 0 0 0 
50 100 100 5737 17.61 10000 3 0 0 0 0 0 

Tue Oct 11 13:00:13 2005
 inst  m   W   SVC: UB  tm it:all best Tm:1dh 1dv cg  LBh  LBv
1 20 100 1423 0.44 10000 1 0 0 0 0 0 
2 20 100 946 0.46 10000 1 0 0 0 0 0 
3 20 100 1076 0.47 10000 28 0 0 7.01 0 0 
4 20 100 1180 0.46 10000 1 0 0 0 0 0 
5 20 100 1269 0.5 10000 1 0 0 0 0 0 
6 20 100 1156 0.47 10000 3 0 0 0 0 0 
7 20 100 730 0.51 10000 13 0 0 0 0 0 
8 20 100 1068 0.49 10000 3 0 0 0 0 0 
9 20 100 1250 0.46 10000 1 0 0 0 0 0 
10 20 100 970 0.49 10000 4 0 0 0 0 0 
11 40 100 1910 0.95 10000 317 0 0 12.12 0 0 
12 40 100 2406 0.93 10000 1 0 0 0 0 0 
13 40 100 2257 0.97 10000 2 0 0 0 0 0 
14 40 100 2419 0.96 10000 3 0 0 0 0 0 
15 40 100 2083 1.01 10000 12 0 0 0 0 0 
16 40 100 2330 0.94 10000 1 0 0 0 0 0 
17 40 100 1896 1.05 10000 26 0 0 0 0 0 
18 40 100 2199 0.94 10000 2 0 0 0 0 0 
19 40 100 1734 0.99 10000 624 0 0 5.62 0 0 
20 40 100 2672 0.9 10000 1 0 0 0 0 0 
21 60 100 3622 1.5 10000 18 0 0 3.85 0 0 
22 60 100 3550 1.49 10000 15 0 0 0 0 0 
23 60 100 3719 1.44 10000 14 0 0 0 0 0 
24 60 100 3440 1.51 10000 1 0 0 0 0 0 
25 60 100 3146 1.51 10000 1 0 0 0 0 0 
26 60 100 2902 1.54 10000 25 0 0 0 0 0 
27 60 100 3217 1.54 10000 3 0 0 0 0 0 
28 60 100 3626 1.46 10000 1 0 0 0 0 0 
29 60 100 3296 1.48 10000 13 0 0 0 0 0 
30 60 100 3586 1.56 10000 14 0 0 0 0 0 
31 80 100 4481 2.12 10000 13 0 0 2.41 0 0 
32 80 100 4555 2.12 10000 13 0 0 0 0 0 
33 80 100 4491 2.13 10000 10 0 0 0 0 0 
34 80 100 4409 2.11 10000 7 0 0 0 0 0 
35 80 100 4792 2.06 10000 9 0 0 0 0 0 
36 80 100 4800 2.06 10000 11 0 0 0 0 0 
37 80 100 4828 2.12 10000 13 0 0 0 0 0 
38 80 100 4673 2.08 10000 10 0 0 0 0 0 
39 80 100 4110 2.2 10000 15 0 0 0 0 0 
40 80 100 4742 2.02 10000 15 0 0 0 0 0 
41 100 100 5613 2.83 10000 12 0 0 1.75 0 0 
42 100 100 5066 2.86 10000 16 0 0 0.56 0 0 
43 100 100 5217 2.88 10000 18 0 0 0 0 0 
44 100 100 5858 2.72 10000 13 0 0 0 0 0 
45 100 100 4956 2.89 10000 15 0 0 0 0 0 
46 100 100 5754 2.83 10000 19 0 0 0 0 0 
47 100 100 5179 2.77 10000 17 0 0 0 0 0 
48 100 100 5821 2.72 10000 16 0 0 0 0 0 
49 100 100 5148 2.82 10000 14 0 0 0 0 0 
50 100 100 5737 2.77 10000 14 0 0 0 0 0 

Fri Oct 21 18:13:54 2005
 inst  m   W   SVC: UB  tm it:all best Tm:1dh 1dv cg  LBh  LBv
1 20 100 1423 2.12 10000 1 0 4.53634e-316 1.17709e-312 -1.07375e+09 0 
2 20 100 946 1.95 10000 1 0 4.53634e-316 1.17709e-312 -1.07375e+09 0 
3 20 100 1076 1.67 10000 1 0 4.53634e-316 1.17709e-312 -1.07375e+09 0 
4 20 100 1180 2.02 10000 2 0 4.53634e-316 1.17709e-312 -1.07375e+09 0 
5 20 100 1269 1.8 10000 1 0 4.53634e-316 1.17709e-312 -1.07375e+09 0 
6 20 100 1156 1.79 10000 5001 0 4.53634e-316 1.17709e-312 -1.07375e+09 0 
7 20 100 730 1.32 10000 3 0 4.53634e-316 1.17709e-312 -1.07375e+09 0 
8 20 100 1068 1.51 10000 2 0 4.53634e-316 1.17709e-312 -1.07375e+09 0 
9 20 100 1250 1.91 10000 1 0 4.53634e-316 1.17709e-312 -1.07375e+09 0 
10 20 100 970 1.37 10000 1 0 4.53634e-316 1.17709e-312 -1.07375e+09 0 
11 40 100 1915 5.36 10000 13 0 4.53634e-316 1.17709e-312 -1.07375e+09 0 
12 40 100 2406 6.11 10000 1 0 4.53634e-316 1.17709e-312 -1.07375e+09 0 
13 40 100 2257 5.55 10000 3 0 4.53634e-316 1.17709e-312 -1.07375e+09 0 
14 40 100 2419 5.69 10000 2 0 4.53634e-316 1.17709e-312 -1.07375e+09 0 
15 40 100 2083 4.6 10000 2 0 4.53634e-316 1.17709e-312 -1.07375e+09 0 
16 40 100 2330 6.3 10000 2 0 4.53634e-316 1.17709e-312 -1.07375e+09 0 
17 40 100 1896 4.21 10000 2 0 4.53634e-316 1.17709e-312 -1.07375e+09 0 
18 40 100 2199 5.87 10000 1 0 4.53634e-316 1.17709e-312 -1.07375e+09 0 
19 40 100 1738 4.44 10000 1 0 4.53634e-316 1.17709e-312 -1.07375e+09 0 
20 40 100 2672 7.75 10000 1 0 4.53634e-316 1.17709e-312 -1.07375e+09 0 
21 60 100 3622 11.23 10000 2 0 4.53634e-316 1.17709e-312 -1.07375e+09 0 
22 60 100 3550 13.02 10000 2 0 4.53634e-316 1.17709e-312 -1.07375e+09 0 
23 60 100 3719 13.63 10000 4 0 4.53634e-316 1.17709e-312 -1.07375e+09 0 
24 60 100 3440 13.37 10000 2 0 4.53634e-316 1.17709e-312 -1.07375e+09 0 
25 60 100 3146 12.05 10000 1 0 4.53634e-316 1.17709e-312 -1.07375e+09 0 
26 60 100 2902 10.22 10000 3 0 4.53634e-316 1.17709e-312 -1.07375e+09 0 
27 60 100 3217 11.23 10000 3 0 4.53634e-316 1.17709e-312 -1.07375e+09 0 
28 60 100 3626 14.22 10000 1 0 4.53634e-316 1.17709e-312 -1.07375e+09 0 
29 60 100 3296 10.33 10000 2 0 4.53634e-316 1.17709e-312 -1.07375e+09 0 
30 60 100 3586 10.62 10000 2 0 4.53634e-316 1.17709e-312 -1.07375e+09 0 
31 80 100 4481 20.32 10000 1 0 4.53634e-316 1.17709e-312 -1.07375e+09 0 
32 80 100 4555 19.27 10000 3 0 4.53634e-316 1.17709e-312 -1.07375e+09 0 
33 80 100 4491 21.06 10000 1 0 4.53634e-316 1.17709e-312 -1.07375e+09 0 
34 80 100 4409 20.58 10000 1 0 4.53634e-316 1.17709e-312 -1.07375e+09 0 
35 80 100 4792 26.11 10000 1 0 4.53634e-316 1.17709e-312 -1.07375e+09 0 
36 80 100 4800 23.36 10000 1 0 4.53634e-316 1.17709e-312 -1.07375e+09 0 
37 80 100 4828 19.88 10000 1 0 4.53634e-316 1.17709e-312 -1.07375e+09 0 
38 80 100 4673 22.64 10000 1 0 4.53634e-316 1.17709e-312 -1.07375e+09 0 
39 80 100 4110 16.96 10000 5 0 4.53634e-316 1.17709e-312 -1.07375e+09 0 
40 80 100 4742 22.87 10000 6 0 4.53634e-316 1.17709e-312 -1.07375e+09 0 
41 100 100 5613 30.42 10000 2 0 4.53634e-316 1.17709e-312 -1.07375e+09 0 
42 100 100 5066 22.36 10000 3 0 4.53634e-316 1.17709e-312 -1.07375e+09 0 
43 100 100 5217 28.39 10000 9 0 4.53634e-316 1.17709e-312 -1.07375e+09 0 
44 100 100 5858 38.09 10000 3 0 4.53634e-316 1.17709e-312 -1.07375e+09 0 
45 100 100 4956 27.14 10000 1 0 4.53634e-316 1.17709e-312 -1.07375e+09 0 
46 100 100 5754 27.49 10000 3 0 4.53634e-316 1.17709e-312 -1.07375e+09 0 
47 100 100 5179 29.57 10000 6 0 4.53634e-316 1.17709e-312 -1.07375e+09 0 
48 100 100 5821 33.73 10000 7 0 4.53634e-316 1.17709e-312 -1.07375e+09 0 
49 100 100 5148 27.55 10000 5 0 4.53634e-316 1.17709e-312 -1.07375e+09 0 
50 100 100 5737 30.69 10000 3 0 4.53634e-316 1.17709e-312 -1.07375e+09 0 

Sun Oct 23 19:29:12 2005
 inst  m   W   SVC: UB  tm it:all best Tm:1dh 1dv cg  LBh  LBv

Sun Oct 23 19:29:46 2005
 inst  m   W   SVC: UB  tm it:all best Tm:1dh 1dv cg  LBh  LBv

Sun Oct 23 19:32:43 2005
 inst  m   W   SVC: UB  tm it:all best Tm:1dh 1dv cg  LBh  LBv

Sun Oct 23 19:34:12 2005
 inst  m   W   SVC: UB  tm it:all best Tm:1dh 1dv cg  LBh  LBv

Sun Oct 23 19:36:37 2005
 inst  m   W   SVC: UB  tm it:all best Tm:1dh 1dv cg  LBh  LBv

Sun Oct 23 19:38:43 2005
 inst  m   W   SVC: UB  tm it:all best Tm:1dh 1dv cg  LBh  LBv

Sun Oct 23 19:47:18 2005
 inst  m   W   SVC: UB  tm it:all best Tm:1dh 1dv cg  LBh  LBv

Mon Oct 24 11:31:47 2005
 inst  m   W   SVC: UB  tm it:all best Tm:1dh 1dv cg  LBh  LBv
1 20 100 1423 2.15 10000 1 
2 20 100 946 1.94 10000 1 
3 20 100 1076 1.64 10000 1 
4 20 100 1180 1.99 10000 2 
5 20 100 1269 1.69 10000 1 
6 20 100 1186 1.69 10000 1 
7 20 100 730 1.27 10000 10 
8 20 100 1068 1.46 10000 2 
9 20 100 1250 1.86 10000 1 
10 20 100 970 1.35 10000 1 
11 40 100 1915 5.5 10000 13 
12 40 100 2406 6.29 10000 1 
13 40 100 2257 5.8 10000 3 
14 40 100 2419 5.91 10000 2 
15 40 100 2083 4.67 10000 2 
16 40 100 2330 6.67 10000 2 
17 40 100 1896 4.28 10000 2 
18 40 100 2199 6.01 10000 1 
19 40 100 1738 4.49 10000 1 
20 40 100 2672 8.1 10000 1 
21 60 100 3622 11.82 10000 2 
22 60 100 3550 13.89 10000 3 
23 60 100 3719 14.62 10000 3 
24 60 100 3440 14.39 10000 2 
25 60 100 3146 12.76 10000 1 
26 60 100 2902 10.53 10000 5 
27 60 100 3217 11.57 10000 2 
28 60 100 3626 15.2 10000 1 
29 60 100 3296 10.94 10000 4 
30 60 100 3586 11.28 10000 3 
31 80 100 4481 21.85 10000 1 
32 80 100 4555 20.66 10000 3 
33 80 100 4491 22.45 10000 1 
34 80 100 4409 21.93 10000 1 
35 80 100 4792 28.34 10000 1 
36 80 100 4800 25.15 10000 1 
37 80 100 4828 21.22 10000 1 
38 80 100 4673 24.37 10000 1 
39 80 100 4110 18.14 10000 3 
40 80 100 4742 24.24 10000 2 
41 100 100 5613 32.74 10000 2 
42 100 100 5066 23.99 10000 5 
43 100 100 5217 30.59 10000 3 
44 100 100 5858 41.18 10000 2 
45 100 100 4956 28.85 10000 1 
46 100 100 5754 29.5 10000 3 
47 100 100 5179 31.76 10000 3 
48 100 100 5821 36.52 10000 2 
49 100 100 5148 29.76 10000 3 
50 100 100 5737 33.4 10000 3 

Mon Oct 24 13:24:18 2005
 inst  m   W   SVC: UB  tm it:all best Tm:1dh 1dv cg  LBh  LBv
1 20 100 1423 2.14 10000 1 
2 20 100 946 1.88 10000 1 
3 20 100 1076 1.6 10000 1 
4 20 100 1180 1.93 10000 2 
5 20 100 1269 1.72 10000 1 
6 20 100 1186 1.68 10000 1 
7 20 100 730 1.22 10000 8 
8 20 100 1068 1.37 10000 2 
9 20 100 1250 1.86 10000 1 
10 20 100 970 1.27 10000 1 
11 40 100 1915 5.45 10000 6 
12 40 100 2406 6.27 10000 1 
13 40 100 2257 5.69 10000 3 
14 40 100 2419 5.86 10000 2 
15 40 100 2083 4.56 10000 2 
16 40 100 2330 6.63 10000 2 
17 40 100 1896 4.37 10000 2 
18 40 100 2199 6.1 10000 1 
19 40 100 1738 4.42 10000 1 
20 40 100 2672 8.06 10000 1 
21 60 100 3622 11.69 10000 4 
22 60 100 3550 13.95 10000 3 
23 60 100 3719 14.26 10000 3 
24 60 100 3440 14.21 10000 2 
25 60 100 3146 12.8 10000 1 
26 60 100 2902 10.75 10000 5 
27 60 100 3217 11.72 10000 2 
28 60 100 3626 15 10000 1 
29 60 100 3296 10.91 10000 4 
30 60 100 3586 11.31 10000 3 
31 80 100 4481 22.01 10000 1 
32 80 100 4555 20.61 10000 3 
33 80 100 4491 22.26 10000 1 
34 80 100 4409 22.06 10000 1 
35 80 100 4792 28.4 10000 1 
36 80 100 4800 24.97 10000 1 
37 80 100 4828 21.56 10000 1 
38 80 100 4673 24.22 10000 1 
39 80 100 4110 18.34 10000 3 
40 80 100 4742 24.22 10000 2 
41 100 100 5613 32.72 10000 2 
42 100 100 5066 24.52 10000 5 
43 100 100 5217 30.66 10000 3 
44 100 100 5858 41.31 10000 2 
45 100 100 4956 29.26 10000 1 
46 100 100 5754 29.64 10000 3 
47 100 100 5179 31.63 10000 2 
48 100 100 5821 36.69 10000 2 
49 100 100 5148 29.68 10000 3 
50 100 100 5737 33.01 10000 3 

Mon Oct 24 15:30:07 2005
 inst  m   W   SVC: UB  tm it:all best Tm:1dh 1dv cg  LBh  LBv
1 20 100 1423 2.02 10000 1 
2 20 100 946 1.79 10000 1 
3 20 100 1076 1.57 10000 1 
4 20 100 1180 1.9 10000 2 
5 20 100 1269 1.66 10000 1 
6 20 100 1156 1.65 10000 5 
7 20 100 730 1.2 10000 4 
8 20 100 1068 1.47 10000 2 
9 20 100 1250 1.82 10000 1 
10 20 100 970 1.27 10000 1 
11 40 100 1915 5.24 10000 6 
12 40 100 2406 6.27 10000 1 
13 40 100 2257 5.73 10000 3 
14 40 100 2419 5.7 10000 2 
15 40 100 2083 4.46 10000 2 
16 40 100 2330 6.43 10000 2 
17 40 100 1896 4.38 10000 2 
18 40 100 2199 6.04 10000 1 
19 40 100 1738 4.27 10000 1 
20 40 100 2672 8 10000 1 
21 60 100 3622 11.53 10000 3 
22 60 100 3550 13.23 10000 3 
23 60 100 3719 13.63 10000 3 
24 60 100 3440 13.82 10000 2 
25 60 100 3146 12.43 10000 1 
26 60 100 2902 10.2 10000 4 
27 60 100 3217 11.7 10000 2 
28 60 100 3626 14.33 10000 1 
29 60 100 3296 10.77 10000 4 
30 60 100 3586 11.16 10000 3 
31 80 100 4481 20.96 10000 1 
32 80 100 4555 20.45 10000 5 
33 80 100 4491 21.55 10000 1 
34 80 100 4409 21.01 10000 1 
35 80 100 4792 26.66 10000 1 
36 80 100 4800 23.69 10000 1 
37 80 100 4828 20.69 10000 1 
38 80 100 4673 24 10000 1 
39 80 100 4110 17.49 10000 2 
40 80 100 4742 23.87 10000 2 
41 100 100 5613 32.02 10000 2 
42 100 100 5066 24.43 10000 9 
43 100 100 5217 29.82 10000 4 
44 100 100 5858 40.9 10000 2 
45 100 100 4956 27.98 10000 1 
46 100 100 5754 29.28 10000 3 
47 100 100 5179 31.05 10000 3 
48 100 100 5821 35.5 10000 3 
49 100 100 5148 28.1 10000 4 
50 100 100 5737 32.21 10000 3 

Fri Oct 28 12:35:03 2005
inst  m   W   SVC: UB  it_best/all tm_best/all gap%  TmRow: 5 30 300 3600 inf
1 20 100 1423 1 415440 0 120 28 1423 1423 1423 1423 1423 1423 
2 20 100 946 1 467709 0 120 25 946 946 946 946 946 946 
3 20 100 1076 2 503709 0 120 17 1076 1076 1076 1076 1076 1076 
4 20 100 1180 1 438205 0 120 35 1180 1180 1180 1180 1180 1180 
5 20 100 1269 1 493452 0 120 29 1269 1269 1269 1269 1269 1269 
6 20 100 1156 2 519978 0 120 18 1156 1156 1156 1156 1156 1156 
7 20 100 730 2 665162 0 120 12 730 730 730 730 730 730 
8 20 100 1068 3 539686 0 120 27 1068 1068 1068 1068 1068 1068 
9 20 100 1250 1 459219 0 120 23 1250 1250 1250 1250 1250 1250 
10 20 100 970 2 592284 0 120 25 970 970 970 970 970 970 
11 40 100 1910 131 168805 0.1 120 18 1910 1910 1910 1910 1910 1910 
12 40 100 2406 1 145321 0 120 30 2406 2406 2406 2406 2406 2406 
13 40 100 2257 3 165308 0 120 22 2257 2257 2257 2257 2257 2257 
14 40 100 2419 3 156726 0 120 29 2419 2419 2419 2419 2419 2419 
15 40 100 2083 3 184809 0 120 25 2083 2083 2083 2083 2083 2083 
16 40 100 2330 3 148166 0 120 27 2330 2330 2330 2330 2330 2330 
17 40 100 1896 2 204684 0 120 20 1896 1896 1896 1896 1896 1896 
18 40 100 2199 1 156304 0 120 22 2199 2199 2199 2199 2199 2199 
19 40 100 1734 676 192894 0.41 120 16 1734 1734 1734 1734 1734 1734 
20 40 100 2672 1 124934 0 120 33 2672 2672 2672 2672 2672 2672 
21 60 100 3622 3 79869 0 120 24 3622 3622 3622 3622 3622 3622 
22 60 100 3550 4 75283 0 120 21 3550 3550 3550 3550 3550 3550 
23 60 100 3719 2 70753 0 120 25 3719 3719 3719 3719 3719 3719 
24 60 100 3440 2 73158 0 120 31 3440 3440 3440 3440 3440 3440 
25 60 100 3146 2 79511 0 120 27 3146 3146 3146 3146 3146 3146 
26 60 100 2902 2 90532 0 120 20 2902 2902 2902 2902 2902 2902 
27 60 100 3217 2 82741 0 120 30 3217 3217 3217 3217 3217 3217 
28 60 100 3626 1 69998 0 120 30 3626 3626 3626 3626 3626 3626 
29 60 100 3296 3 79640 0 120 22 3296 3296 3296 3296 3296 3296 
30 60 100 3586 1 83708 0 120 24 3586 3586 3586 3586 3586 3586 
31 80 100 4481 1 45770 0 120 28 4481 4481 4481 4481 4481 4481 
32 80 100 4555 3 47165 0 120 26 4555 4555 4555 4555 4555 4555 
33 80 100 4491 1 46904 0 120 28 4491 4491 4491 4491 4491 4491 
34 80 100 4409 1 47766 0 120 24 4409 4409 4409 4409 4409 4409 
35 80 100 4792 1 40013 0 120 24 4792 4792 4792 4792 4792 4792 
36 80 100 4800 1 42838 0 120 29 4800 4800 4800 4800 4800 4800 
37 80 100 4828 1 48266 0 120 25 4828 4828 4828 4828 4828 4828 
38 80 100 4673 1 43117 0 120 27 4673 4673 4673 4673 4673 4673 
39 80 100 4110 4 53663 0.01 120 24 4110 4110 4110 4110 4110 4110 
40 80 100 4742 4 43721 0.01 120 22 4742 4742 4742 4742 4742 4742 
41 100 100 5613 3 32601 0.01 120 24 5613 5613 5613 5613 5613 5613 
42 100 100 5066 9 39542 0.03 120 18 5066 5066 5066 5066 5066 5066 
43 100 100 5217 5 33984 0.01 120 25 5217 5217 5217 5217 5217 5217 
44 100 100 5858 3 27028 0.01 120 23 5858 5858 5858 5858 5858 5858 
45 100 100 4956 2 36496 0.01 120 20 4956 4956 4956 4956 4956 4956 
46 100 100 5754 4 34371 0.01 120 25 5754 5754 5754 5754 5754 5754 
47 100 100 5179 3 32588 0.01 120 24 5179 5179 5179 5179 5179 5179 
48 100 100 5821 3 30242 0 120 25 5821 5821 5821 5821 5821 5821 
49 100 100 5148 4 36089 0.01 120 18 5148 5148 5148 5148 5148 5148 
50 100 100 5737 3 33042 0.01 120 18 5737 5737 5737 5737 5737 5737 

Thu Sep  1 02:44:42 2011

[BL] fImproved 1 pInvertShove 0 0.03  [Solver] instFirst 1 instLast 1000000 statPeriod 10 fWriteSolution 0 [Sub_2DSPP] nScaleW 0 vsp -0.8 0.5  pTower 0 0  pChangeP_TIP 0.01 pInvertHole 0 0.05  pPermutateHole 0.8 1  pBubbleHole 0.6 0.9  [SVC_2DSPP] MaxTime 360 MaxIter 1e+100 NIterRandom 0 NIterSVC 1 ValReset 1000 19000  blockw_pow 2.1 0.1  p_bwpnew 0.1 BaseOrdering 2 1 1 1  p_choose 0.6 0.6  
inst  m   W   SVC: UB  it_best/all tm_best/all gap%  TmRow: 10 60 inf ave_best^
1 20 100 1423 1 1550445 0 362 28 1423 1423 1423 1423
2 20 100 946 1 1704883 0 362 25 946 946 946 1184.5
3 20 100 1076 2 1904309 0 361 17 1076 1076 1076 1148.33
4 20 100 1180 1 1599493 0 361 35 1180 1180 1180 1156.25
5 20 100 1269 1 1795756 0 361 29 1269 1269 1269 1178.8
6 20 100 1156 1 1879563 0 361 18 1156 1156 1156 1175
7 20 100 730 2 2392880 0 361 12 730 730 730 1111.43
8 20 100 1068 1 1886690 0 360 27 1068 1068 1068 1106
9 20 100 1250 1 1711726 0 361 23 1250 1250 1250 1122
10 20 100 970 1 2133946 0 361 25 970 970 970 1106.8
11 40 100 1910 15392 774777 7.2 362 18 1910 1910 1910 1179.82
12 40 100 2406 1 662894 0 362 30 2406 2406 2406 1282
13 40 100 2257 2 735583 0.01 361 22 2257 2257 2257 1357
14 40 100 2419 1 712306 0 361 29 2419 2419 2419 1432.86
15 40 100 2083 1 800149 0 361 25 2083 2083 2083 1476.2
16 40 100 2330 1 668508 0 360 27 2330 2330 2330 1529.56
17 40 100 1896 1 837855 0 360 20 1896 1896 1896 1551.12
18 40 100 2199 1 696649 0 361 22 2199 2199 2199 1587.11
19 40 100 1734 3 823379 0 361 16 1734 1734 1734 1594.84
20 40 100 2672 1 589872 0 361 33 2672 2672 2672 1648.7
21 60 100 3622 1 410340 0 361 24 3622 3622 3622 1742.67
22 60 100 3550 1 395955 0 361 21 3550 3550 3550 1824.82
23 60 100 3719 1 378718 0 361 25 3719 3719 3719 1907.17
24 60 100 3440 1 385448 0 360 31 3440 3440 3440 1971.04
25 60 100 3146 1 399880 0 361 27 3146 3146 3146 2018.04
26 60 100 2902 2 450378 0 361 20 2902 2902 2902 2052.04
27 60 100 3217 1 409838 0 361 30 3217 3217 3217 2095.19
28 60 100 3626 1 370999 0 361 30 3626 3626 3626 2149.86
29 60 100 3296 2 408078 0.01 362 22 3296 3296 3296 2189.38
30 60 100 3586 1 410910 0 361 24 3586 3586 3586 2235.93
31 80 100 4481 1 255504 0 361 28 4481 4481 4481 2308.35
32 80 100 4555 2 262008 0.01 361 26 4555 4555 4555 2378.56
33 80 100 4491 1 266061 0 362 28 4491 4491 4491 2442.58
34 80 100 4409 1 264663 0 360 24 4409 4409 4409 2500.41
35 80 100 4792 1 240280 0 360 24 4792 4792 4792 2565.89
36 80 100 4800 1 247373 0 361 29 4800 4800 4800 2627.94
37 80 100 4828 1 264908 0 361 25 4828 4828 4828 2687.41
38 80 100 4673 1 245608 0 361 27 4673 4673 4673 2739.66
39 80 100 4110 2 288591 0.01 360 24 4110 4110 4110 2774.79
40 80 100 4742 2 256899 0 360 22 4742 4742 4742 2823.97
41 100 100 5613 1 189690 0.01 361 24 5613 5613 5613 2892
42 100 100 5066 3 226924 0 361 18 5066 5066 5066 2943.76
43 100 100 5217 1 197426 0.01 360 25 5217 5217 5217 2996.63
44 100 100 5858 1 169830 0 361 23 5858 5858 5858 3061.66
45 100 100 4956 2 201501 0.01 360 20 4956 4956 4956 3103.76
46 100 100 5754 2 195810 0 361 25 5754 5754 5754 3161.37
47 100 100 5179 2 191193 0 361 24 5179 5179 5179 3204.3
48 100 100 5821 3 180385 0 361 25 5821 5821 5821 3258.81
49 100 100 5148 2 206505 0.01 360 18 5148 5148 5148 3297.37
50 100 100 5737 2 192487 0.01 360 18 5737 5737 5737 3346.16

Thu Sep 15 02:06:51 2011

[BL] fImproved 1 pInvertShove 0 0.03  [Solver] instFirst 1 instLast 1000000 statPeriod 10 fWriteSolution 0 [Sub_2DSPP] nScaleW 0 vsp -0.8 0.5  pTower 0 0  pChangeP_TIP 0.01 pInvertHole 0 0.05  pPermutateHole 0.8 1  pBubbleHole 0.6 0.9  [SVC_2DSPP] MaxTime 360 MaxIter 1e+100 NIterRandom 0 NIterSVC 1 ValReset 1000 19000  blockw_pow 2.1 0.1  p_bwpnew 0.1 BaseOrdering 2 1 1 1  p_choose 0.6 0.6  
inst  m   W   SVC: UB  it_best/all tm_best/all gap%  TmRow: 10 60 inf ave_best^
1 20 100 1423 1 2238677 0 361 28 1423 1423 1423 1423
2 20 100 946 1 2456875 0 360 25 946 946 946 1184.5
3 20 100 1076 2 2746712 0 361 17 1076 1076 1076 1148.33
4 20 100 1180 1 2305647 0 361 35 1180 1180 1180 1156.25
5 20 100 1269 1 2620730 0 361 29 1269 1269 1269 1178.8
6 20 100 1156 1 2720351 0 361 18 1156 1156 1156 1175
7 20 100 730 2 3440383 0.01 361 12 730 730 730 1111.43
8 20 100 1068 1 2706702 0 360 27 1068 1068 1068 1106
9 20 100 1250 1 2454398 0 360 23 1250 1250 1250 1122
10 20 100 970 1 3082053 0 361 25 970 970 970 1106.8
11 40 100 1910 15392 1110402 4.99 361 18 1910 1910 1910 1179.82
12 40 100 2406 1 934142 0 360 30 2406 2406 2406 1282
13 40 100 2257 2 1058490 0 362 22 2257 2257 2257 1357
14 40 100 2419 1 1022615 0 362 29 2419 2419 2419 1432.86
15 40 100 2083 1 1154082 0.01 362 25 2083 2083 2083 1476.2
16 40 100 2330 1 962013 0 361 27 2330 2330 2330 1529.56
17 40 100 1896 1 1206596 0 362 20 1896 1896 1896 1551.12
18 40 100 2199 1 1001666 0 361 22 2199 2199 2199 1587.11
19 40 100 1734 3 1184041 0 360 16 1734 1734 1734 1594.84
20 40 100 2672 1 854508 0 362 33 2672 2672 2672 1648.7
21 60 100 3622 1 596772 0 361 24 3622 3622 3622 1742.67
22 60 100 3550 1 568201 0 360 21 3550 3550 3550 1824.82
23 60 100 3719 1 541793 0 362 25 3719 3719 3719 1907.17
24 60 100 3440 1 559232 0 361 31 3440 3440 3440 1971.04
25 60 100 3146 1 573600 0 361 27 3146 3146 3146 2018.04
26 60 100 2902 2 641878 0 360 20 2902 2902 2902 2052.04
27 60 100 3217 1 597295 0.01 361 30 3217 3217 3217 2095.19
28 60 100 3626 1 533646 0 362 30 3626 3626 3626 2149.86
29 60 100 3296 2 585258 0 360 22 3296 3296 3296 2189.38
30 60 100 3586 1 590961 0 361 24 3586 3586 3586 2235.93
31 80 100 4481 1 367706 0.01 360 28 4481 4481 4481 2308.35
32 80 100 4555 2 376784 0.01 361 26 4555 4555 4555 2378.56
33 80 100 4491 1 381270 0 360 28 4491 4491 4491 2442.58
34 80 100 4409 1 380127 0.01 361 24 4409 4409 4409 2500.41
35 80 100 4792 1 340843 0 360 24 4792 4792 4792 2565.89
36 80 100 4800 1 353625 0 360 29 4800 4800 4800 2627.94
37 80 100 4828 1 378822 0 361 25 4828 4828 4828 2687.41
38 80 100 4673 1 354152 0 361 27 4673 4673 4673 2739.66
39 80 100 4110 2 413398 0 361 24 4110 4110 4110 2774.79
40 80 100 4742 2 371699 0 362 22 4742 4742 4742 2823.97
41 100 100 5613 1 270279 0 361 24 5613 5613 5613 2892
42 100 100 5066 3 323142 0.01 361 18 5066 5066 5066 2943.76
43 100 100 5217 1 280904 0.01 361 25 5217 5217 5217 2996.63
44 100 100 5858 1 240134 0 360 23 5858 5858 5858 3061.66
45 100 100 4956 2 289546 0 360 20 4956 4956 4956 3103.76
46 100 100 5754 2 281377 0 361 25 5754 5754 5754 3161.37
47 100 100 5179 2 273763 0 360 24 5179 5179 5179 3204.3
48 100 100 5821 3 255066 0 361 25 5821 5821 5821 3258.81
49 100 100 5148 2 293561 0 360 18 5148 5148 5148 3297.37
50 100 100 5737 2 275731 0 361 18 5737 5737 5737 3346.16
