C_9_401 LB=0 UB=1423
20
100
56	75
97	77
62	73
98	84
71	50
76	93
83	55
83	55
97	88
67	71
64	99
80	89
85	87
70	60
57	53
89	85
84	98
85	61
62	70
10	42

C_9_402 LB=0 UB=946
20
100
36	72
98	55
66	53
60	95
74	50
84	13
72	1
95	57
74	53
66	81
16	72
91	82
90	19
68	61
83	80
99	68
58	95
88	4
74	13
68	66

C_9_403 LB=0 UB=1076
20
100
78	82
25	26
40	88
94	96
79	86
65	95
96	92
90	71
92	50
68	75
64	63
99	57
76	29
88	19
45	98
69	56
51	67
58	72
36	42
51	66

C_9_404 LB=0 UB=1180
20
100
60	69
84	31
18	91
78	55
77	81
57	83
90	53
65	62
54	53
51	96
73	82
65	82
95	89
56	71
79	23
76	63
47	35
73	57
76	75
99	55

C_9_405 LB=0 UB=1269
20
100
96	98
8	78
9	46
91	99
74	71
52	82
93	75
91	68
15	7
58	58
90	66
4	66
67	53
76	96
98	69
77	94
81	62
55	95
67	84
61	99

C_9_406 LB=0 UB=1156
20
100
56	56
61	93
86	92
49	99
93	80
88	81
78	70
87	42
41	15
76	81
32	11
75	98
50	60
27	43
97	63
81	65
22	78
88	65
74	76
99	95

C_9_407 LB=0 UB=730
20
100
52	98
11	35
94	65
47	72
92	12
11	39
90	35
53	69
35	37
24	68
92	16
71	91
44	82
98	81
52	58
2	82
63	72
83	70
78	63
43	19

C_9_408 LB=0 UB=1068
20
100
54	92
58	88
51	91
27	79
51	68
72	54
55	73
96	92
61	55
98	33
70	66
27	84
83	55
84	72
48	81
19	22
65	66
82	74
86	89
23	29

C_9_409 LB=0 UB=1250
20
100
68	76
99	71
99	79
86	94
56	85
77	95
93	94
71	74
56	54
68	80
99	20
18	76
68	87
70	78
77	7
26	18
92	80
84	87
96	56
97	33

C_9_410 LB=0 UB=970
20
100
25	39
64	55
37	48
58	59
76	59
6	42
94	74
56	51
89	92
59	90
61	62
16	69
63	86
74	100
42	13
36	80
49	43
50	70
84	74
68	98

C_9_411 LB=0 UB=1910
40
100
36	72
98	55
66	53
60	95
74	50
84	13
72	1
95	57
74	53
66	81
16	72
91	82
90	19
68	61
83	80
99	68
58	95
88	4
74	13
68	66
44	88
57	56
52	56
100	75
94	33
95	72
55	61
43	98
49	96
43	100
79	30
47	86
68	67
53	87
96	58
63	73
100	2
75	88
83	99
41	30

C_9_412 LB=0 UB=2406
40
100
60	69
84	31
18	91
78	55
77	81
57	83
90	53
65	62
54	53
51	96
73	82
65	82
95	89
56	71
79	23
76	63
47	35
73	57
76	75
99	55
59	93
51	56
95	89
33	72
34	13
42	77
83	15
79	75
70	94
94	88
68	51
87	53
68	87
57	71
72	50
56	93
78	92
83	66
88	60
87	93

C_9_413 LB=0 UB=2257
40
100
56	56
61	93
86	92
49	99
93	80
88	81
78	70
87	42
41	15
76	81
32	11
75	98
50	60
27	43
97	63
81	65
22	78
88	65
74	76
99	95
5	92
61	50
63	51
28	90
100	69
97	98
63	89
68	88
55	61
94	55
76	88
71	51
73	66
51	75
100	48
85	77
53	82
72	57
90	20
73	15

C_9_414 LB=0 UB=2419
40
100
54	92
58	88
51	91
27	79
51	68
72	54
55	73
96	92
61	55
98	33
70	66
27	84
83	55
84	72
48	81
19	22
65	66
82	74
86	89
23	29
60	89
92	87
87	67
89	98
66	73
63	61
99	8
66	79
84	69
97	99
72	59
55	71
63	77
92	97
8	81
55	75
69	47
98	56
69	48
68	91

C_9_415 LB=0 UB=2083
40
100
25	39
64	55
37	48
58	59
76	59
6	42
94	74
56	51
89	92
59	90
61	62
16	69
63	86
74	100
42	13
36	80
49	43
50	70
84	74
68	98
97	59
39	68
38	99
12	37
56	89
88	98
67	33
67	87
77	80
100	54
79	80
85	100
59	82
73	72
68	88
63	73
4	98
71	2
68	58
54	58

C_9_416 LB=0 UB=2330
40
100
50	62
74	83
66	66
98	7
58	73
71	58
79	83
100	39
85	45
81	97
68	11
65	82
58	79
67	46
91	50
92	87
50	75
85	56
89	51
81	53
54	82
80	79
99	65
81	83
70	50
86	63
21	93
93	73
98	81
4	10
53	76
67	74
37	24
83	67
99	74
52	88
38	28
74	87
55	84
100	63

C_9_417 LB=0 UB=1896
40
100
76	52
65	100
43	4
2	89
61	83
66	70
84	90
58	60
9	83
29	68
91	39
77	99
18	29
53	98
2	48
8	100
92	45
89	53
29	79
100	60
71	71
37	80
66	52
52	84
64	60
47	50
17	98
68	69
70	61
78	41
85	3
95	66
88	73
100	94
1	80
83	74
66	97
95	57
86	50
84	95

C_9_418 LB=0 UB=2199
40
100
67	49
93	83
65	93
90	73
57	91
89	91
27	41
91	86
83	45
47	10
100	50
54	61
4	10
65	91
85	72
79	98
96	37
97	83
31	5
66	96
96	75
89	87
89	99
64	55
10	26
96	3
71	6
75	77
85	88
59	80
40	23
98	11
72	61
87	69
33	67
86	6
80	47
76	70
88	94
75	62

C_9_419 LB=0 UB=1734
40
100
71	22
61	79
65	55
75	21
75	67
44	76
88	56
52	61
4	24
38	12
73	69
51	65
95	93
96	21
19	96
14	30
97	73
61	92
77	80
87	56
10	15
41	24
97	77
81	45
86	68
81	67
77	87
19	44
23	89
84	73
80	8
84	6
80	10
48	41
83	41
97	78
81	99
73	69
91	85
28	14

C_9_420 LB=0 UB=2672
40
100
67	86
68	76
63	54
72	64
87	75
78	81
89	100
88	76
69	77
50	99
77	57
66	99
62	91
90	27
76	77
56	83
78	16
80	67
87	57
57	80
90	3
88	69
60	50
70	88
63	50
56	84
95	54
96	57
53	60
87	59
91	70
82	89
55	83
30	98
99	48
80	82
69	66
83	95
78	37
90	86

C_9_421 LB=0 UB=3622
60
100
78	82
25	26
40	88
94	96
79	86
65	95
96	92
90	71
92	50
68	75
64	63
99	57
76	29
88	19
45	98
69	56
51	67
58	72
36	42
51	66
99	68
97	89
40	48
45	92
57	80
96	66
54	65
50	72
29	68
57	55
81	96
67	67
60	90
80	56
69	87
46	82
54	87
64	69
69	90
86	93
60	96
60	94
80	54
88	73
85	17
68	80
68	32
2	76
57	99
88	77
89	69
77	68
98	93
69	87
85	69
64	83
50	99
62	57
94	81
63	60

C_9_422 LB=0 UB=3550
60
100
56	56
61	93
86	92
49	99
93	80
88	81
78	70
87	42
41	15
76	81
32	11
75	98
50	60
27	43
97	63
81	65
22	78
88	65
74	76
99	95
5	92
61	50
63	51
28	90
100	69
97	98
63	89
68	88
55	61
94	55
76	88
71	51
73	66
51	75
100	48
85	77
53	82
72	57
90	20
73	15
95	60
53	50
82	53
100	14
98	100
97	55
91	99
98	74
62	50
67	22
61	55
59	97
39	75
69	100
94	74
82	81
76	88
97	90
87	54
65	77

C_9_423 LB=0 UB=3719
60
100
68	76
99	71
99	79
86	94
56	85
77	95
93	94
71	74
56	54
68	80
99	20
18	76
68	87
70	78
77	7
26	18
92	80
84	87
96	56
97	33
77	85
59	56
87	67
77	59
74	51
47	39
90	90
70	97
88	31
96	83
53	74
75	97
67	21
56	88
80	69
91	57
85	72
79	55
67	77
69	81
78	85
62	84
66	97
72	16
83	60
58	75
78	77
60	61
50	97
16	84
50	70
73	70
79	96
35	94
85	74
99	90
19	69
65	66
81	90
90	21

C_9_424 LB=0 UB=3440
60
100
50	62
74	83
66	66
98	7
58	73
71	58
79	83
100	39
85	45
81	97
68	11
65	82
58	79
67	46
91	50
92	87
50	75
85	56
89	51
81	53
54	82
80	79
99	65
81	83
70	50
86	63
21	93
93	73
98	81
4	10
53	76
67	74
37	24
83	67
99	74
52	88
38	28
74	87
55	84
100	63
1	96
77	68
82	6
8	1
74	70
92	60
53	89
78	99
60	59
78	15
95	83
60	58
8	73
55	81
98	90
53	81
66	72
54	58
63	57
59	64

C_9_425 LB=0 UB=3146
60
100
78	12
78	93
90	94
97	83
65	54
92	77
94	93
65	72
75	59
67	71
59	53
97	73
97	75
53	78
87	76
89	86
80	53
52	97
84	10
44	11
75	93
13	84
76	54
59	97
32	97
85	68
89	62
92	44
100	8
68	72
62	81
77	52
79	82
75	37
99	12
28	82
70	68
70	63
96	53
94	7
73	66
89	51
54	57
15	66
88	76
79	3
75	73
50	56
64	98
60	63
57	100
99	24
3	31
15	91
51	89
57	53
52	75
30	81
7	39
29	45

C_9_426 LB=0 UB=2902
60
100
71	22
61	79
65	55
75	21
75	67
44	76
88	56
52	61
4	24
38	12
73	69
51	65
95	93
96	21
19	96
14	30
97	73
61	92
77	80
87	56
10	15
41	24
97	77
81	45
86	68
81	67
77	87
19	44
23	89
84	73
80	8
84	6
80	10
48	41
83	41
97	78
81	99
73	69
91	85
28	14
53	99
11	72
69	91
71	59
87	60
72	13
58	58
76	68
33	89
70	76
59	88
43	92
90	69
93	51
72	79
71	69
58	66
77	89
97	82
61	62

C_9_427 LB=0 UB=3217
60
100
60	70
72	70
35	39
92	96
13	90
90	74
94	58
77	6
77	60
70	91
75	41
66	28
52	98
61	68
97	34
99	61
91	97
64	57
39	92
57	57
90	57
79	59
94	54
78	64
50	80
5	81
60	83
60	83
23	75
93	97
92	24
53	63
70	10
93	83
29	83
10	5
53	67
68	31
80	88
76	58
60	87
77	90
96	13
55	74
80	67
61	61
69	100
96	50
60	59
8	44
55	98
48	40
53	63
66	89
4	71
61	90
57	79
36	97
64	79
87	51

C_9_428 LB=0 UB=3626
60
100
45	14
82	71
71	100
4	16
100	63
52	61
81	54
86	12
66	74
90	14
53	72
67	68
94	98
78	77
38	1
77	38
84	82
83	51
83	91
28	19
85	78
50	92
91	94
66	12
99	86
79	87
59	57
85	65
73	55
69	97
90	83
81	81
59	87
70	69
88	20
89	59
57	80
84	52
86	68
57	99
67	85
59	98
51	79
39	49
89	51
97	53
79	51
82	61
23	29
95	72
68	85
36	91
67	69
54	52
68	80
67	22
73	70
77	94
81	88
80	69

C_9_429 LB=0 UB=3296
60
100
51	72
81	56
61	59
37	66
83	25
70	99
91	67
88	50
60	88
71	52
33	91
39	72
57	63
83	68
36	78
56	80
66	100
8	46
100	60
37	14
37	99
93	84
76	64
78	58
68	58
91	85
63	81
81	64
62	81
100	98
63	58
98	33
67	64
80	22
74	98
73	62
35	10
52	56
48	100
61	53
63	66
97	54
82	61
60	57
53	85
52	63
78	86
72	72
55	65
70	84
86	72
96	99
69	56
100	66
6	79
81	87
45	11
40	72
86	79
77	86

C_9_430 LB=0 UB=3586
60
100
87	85
74	74
18	75
88	98
27	97
53	99
63	78
24	85
78	65
46	35
70	55
70	70
90	98
99	83
89	94
79	74
64	92
63	93
68	94
100	89
1	99
90	64
11	69
82	66
99	65
85	47
64	79
76	55
57	95
77	92
79	63
32	69
79	86
89	98
7	11
100	18
61	88
62	65
95	69
78	92
55	52
47	46
45	39
68	77
12	85
94	87
56	70
71	74
30	77
51	90
31	14
85	83
58	65
71	54
65	69
60	53
100	76
52	81
62	86
98	86

C_9_431 LB=0 UB=4481
80
100
60	69
84	31
18	91
78	55
77	81
57	83
90	53
65	62
54	53
51	96
73	82
65	82
95	89
56	71
79	23
76	63
47	35
73	57
76	75
99	55
59	93
51	56
95	89
33	72
34	13
42	77
83	15
79	75
70	94
94	88
68	51
87	53
68	87
57	71
72	50
56	93
78	92
83	66
88	60
87	93
100	57
20	82
65	83
80	55
88	36
68	92
53	66
35	30
78	75
78	71
54	62
50	66
84	77
100	63
66	69
85	14
52	90
34	17
91	88
67	72
82	64
79	82
76	68
19	96
24	1
86	58
73	60
31	26
76	99
54	97
33	75
6	80
92	58
84	97
3	86
92	76
68	79
27	9
85	57
93	44

C_9_432 LB=0 UB=4555
80
100
54	92
58	88
51	91
27	79
51	68
72	54
55	73
96	92
61	55
98	33
70	66
27	84
83	55
84	72
48	81
19	22
65	66
82	74
86	89
23	29
60	89
92	87
87	67
89	98
66	73
63	61
99	8
66	79
84	69
97	99
72	59
55	71
63	77
92	97
8	81
55	75
69	47
98	56
69	48
68	91
71	28
17	85
14	90
43	78
72	70
97	60
84	83
78	56
99	74
88	55
16	96
75	57
86	91
91	62
10	16
85	69
86	68
55	80
76	49
55	94
97	57
83	59
82	94
88	79
79	9
21	2
60	50
82	76
53	71
21	5
50	69
88	85
50	96
33	79
52	100
69	6
58	82
55	96
66	92
84	88

C_9_433 LB=0 UB=4491
80
100
50	62
74	83
66	66
98	7
58	73
71	58
79	83
100	39
85	45
81	97
68	11
65	82
58	79
67	46
91	50
92	87
50	75
85	56
89	51
81	53
54	82
80	79
99	65
81	83
70	50
86	63
21	93
93	73
98	81
4	10
53	76
67	74
37	24
83	67
99	74
52	88
38	28
74	87
55	84
100	63
1	96
77	68
82	6
8	1
74	70
92	60
53	89
78	99
60	59
78	15
95	83
60	58
8	73
55	81
98	90
53	81
66	72
54	58
63	57
59	64
87	97
66	98
90	88
84	10
69	82
89	99
28	30
54	66
14	86
24	12
28	33
95	85
69	88
69	86
40	98
97	65
87	58
28	22
62	73
60	56

C_9_434 LB=0 UB=4409
80
100
67	49
93	83
65	93
90	73
57	91
89	91
27	41
91	86
83	45
47	10
100	50
54	61
4	10
65	91
85	72
79	98
96	37
97	83
31	5
66	96
96	75
89	87
89	99
64	55
10	26
96	3
71	6
75	77
85	88
59	80
40	23
98	11
72	61
87	69
33	67
86	6
80	47
76	70
88	94
75	62
82	94
27	33
4	98
82	80
53	52
89	56
88	11
100	60
88	72
63	92
22	91
80	51
83	54
100	90
73	75
72	55
41	49
97	99
36	25
75	70
59	53
7	20
60	86
90	97
90	70
77	51
97	58
17	90
82	100
59	96
97	43
6	90
90	40
53	51
54	89
55	97
50	92
59	69
75	97
77	20

C_9_435 LB=0 UB=4792
80
100
67	86
68	76
63	54
72	64
87	75
78	81
89	100
88	76
69	77
50	99
77	57
66	99
62	91
90	27
76	77
56	83
78	16
80	67
87	57
57	80
90	3
88	69
60	50
70	88
63	50
56	84
95	54
96	57
53	60
87	59
91	70
82	89
55	83
30	98
99	48
80	82
69	66
83	95
78	37
90	86
94	61
99	55
99	88
61	52
81	67
27	28
91	50
95	80
79	86
65	61
96	75
39	79
40	77
16	7
61	60
96	71
61	57
78	64
89	58
63	84
95	61
2	33
85	18
44	72
94	27
88	63
80	88
85	96
97	52
85	55
93	71
88	93
65	92
94	59
66	65
3	67
97	42
64	74
67	21
79	74

C_9_436 LB=0 UB=4800
80
100
45	14
82	71
71	100
4	16
100	63
52	61
81	54
86	12
66	74
90	14
53	72
67	68
94	98
78	77
38	1
77	38
84	82
83	51
83	91
28	19
85	78
50	92
91	94
66	12
99	86
79	87
59	57
85	65
73	55
69	97
90	83
81	81
59	87
70	69
88	20
89	59
57	80
84	52
86	68
57	99
67	85
59	98
51	79
39	49
89	51
97	53
79	51
82	61
23	29
95	72
68	85
36	91
67	69
54	52
68	80
67	22
73	70
77	94
81	88
80	69
92	83
60	98
54	56
69	78
71	57
55	62
41	91
70	100
13	44
13	40
88	79
33	88
65	92
31	28
97	83
57	76
81	51
61	78
67	99
93	82

C_9_437 LB=0 UB=4828
80
100
65	80
93	73
33	99
79	73
51	94
94	77
25	18
87	84
100	70
57	94
28	50
6	7
59	57
32	22
93	94
86	91
31	7
68	61
70	99
79	86
63	68
67	63
58	65
83	94
57	91
77	76
59	94
99	62
63	75
99	1
71	84
26	95
82	71
82	88
97	36
65	85
61	79
76	86
80	100
66	89
3	99
83	96
77	75
85	5
55	79
2	17
86	61
52	82
69	72
81	100
7	72
38	80
46	27
73	95
88	70
90	22
84	92
76	51
82	92
95	84
83	70
91	69
87	76
65	57
95	59
18	100
5	21
98	94
67	60
55	91
83	78
95	41
51	73
55	94
73	97
48	100
98	98
78	9
75	76
65	70

C_9_438 LB=0 UB=4673
80
100
76	28
90	20
100	50
77	63
12	27
71	84
50	55
68	83
78	37
69	60
64	72
72	65
88	59
79	98
89	100
38	9
19	44
100	98
76	90
64	64
60	89
83	58
74	91
53	81
65	96
77	81
84	54
4	72
87	15
83	65
69	29
65	100
58	96
66	12
89	65
90	51
97	88
81	69
84	63
75	65
98	92
72	89
90	73
72	90
60	57
74	69
9	45
80	77
35	35
89	62
88	78
50	75
70	74
16	77
80	72
83	86
67	74
53	83
83	79
76	57
77	87
52	60
98	97
82	91
99	11
75	50
83	27
99	86
80	96
87	50
62	68
77	93
74	94
80	14
62	71
18	12
80	52
18	38
25	37
20	42

C_9_439 LB=0 UB=4110
80
100
76	91
64	98
59	54
80	56
70	71
99	93
59	91
70	57
26	14
95	50
80	39
22	22
93	67
52	69
94	98
85	96
72	82
22	1
78	69
60	83
62	59
52	93
25	3
97	81
15	48
45	47
82	97
96	91
78	99
99	62
2	67
6	74
53	60
15	40
89	21
77	96
91	84
93	79
27	100
60	91
90	69
82	80
81	91
69	48
50	77
83	93
48	96
62	65
72	75
95	66
83	9
31	97
56	96
69	52
15	90
73	37
66	28
55	100
66	72
3	94
58	71
52	58
86	22
56	55
28	84
62	79
53	83
80	32
71	44
33	12
90	56
48	20
50	81
16	6
92	41
37	20
53	62
10	74
98	87
86	81

C_9_440 LB=0 UB=4742
80
100
85	88
83	50
50	76
56	58
94	66
82	94
65	60
61	57
64	56
43	100
91	55
28	79
96	58
65	66
85	14
55	92
93	22
99	96
78	83
96	77
95	97
97	36
89	63
97	73
61	83
51	88
61	56
59	81
40	32
71	51
96	60
85	50
80	92
66	28
92	76
71	82
88	14
94	64
100	53
69	75
46	47
98	63
69	93
79	80
80	42
63	74
50	94
50	96
57	99
91	96
43	7
84	74
70	17
79	80
98	81
85	14
66	97
80	75
63	66
85	64
39	39
93	82
91	64
52	78
72	92
66	51
80	73
88	3
67	57
51	82
81	94
74	89
74	84
100	74
94	77
28	91
93	72
8	85
68	71
42	98

C_9_441 LB=0 UB=5613
100
100
96	98
8	78
9	46
91	99
74	71
52	82
93	75
91	68
15	7
58	58
90	66
4	66
67	53
76	96
98	69
77	94
81	62
55	95
67	84
61	99
56	83
98	6
99	60
9	76
96	16
99	78
92	99
67	94
93	59
63	62
98	48
38	34
53	64
90	58
75	10
20	90
76	82
27	77
92	82
62	99
10	11
76	85
81	67
68	74
55	50
88	66
83	63
85	60
62	53
60	58
96	71
63	59
82	67
97	13
70	91
68	20
62	93
91	79
57	72
55	91
5	30
99	56
55	65
69	74
58	78
67	96
76	20
94	69
74	89
99	97
37	91
87	27
51	61
42	72
69	64
79	95
41	97
96	83
15	4
90	75
91	90
61	69
70	54
61	66
53	98
40	17
89	68
95	70
77	66
79	76
19	43
90	85
13	98
86	47
60	79
48	73
60	89
93	79
75	27
16	100

C_9_442 LB=0 UB=5066
100
100
25	39
64	55
37	48
58	59
76	59
6	42
94	74
56	51
89	92
59	90
61	62
16	69
63	86
74	100
42	13
36	80
49	43
50	70
84	74
68	98
97	59
39	68
38	99
12	37
56	89
88	98
67	33
67	87
77	80
100	54
79	80
85	100
59	82
73	72
68	88
63	73
4	98
71	2
68	58
54	58
10	23
54	94
30	93
7	6
28	10
62	97
53	83
70	64
8	72
82	60
89	88
98	35
99	70
63	87
36	69
84	67
50	93
7	83
44	34
33	11
16	84
61	75
15	24
93	66
91	73
78	86
96	75
65	84
79	80
69	9
90	89
100	62
78	100
96	94
95	63
95	52
40	87
47	93
61	50
52	54
62	73
11	48
90	99
71	69
97	77
35	78
87	9
51	95
43	96
71	99
82	80
94	81
100	70
79	42
96	63
48	31
20	10
79	97
71	58
63	91

C_9_443 LB=0 UB=5217
100
100
78	12
78	93
90	94
97	83
65	54
92	77
94	93
65	72
75	59
67	71
59	53
97	73
97	75
53	78
87	76
89	86
80	53
52	97
84	10
44	11
75	93
13	84
76	54
59	97
32	97
85	68
89	62
92	44
100	8
68	72
62	81
77	52
79	82
75	37
99	12
28	82
70	68
70	63
96	53
94	7
73	66
89	51
54	57
15	66
88	76
79	3
75	73
50	56
64	98
60	63
57	100
99	24
3	31
15	91
51	89
57	53
52	75
30	81
7	39
29	45
64	81
56	69
25	2
61	97
87	100
95	77
4	83
55	61
72	79
95	98
94	60
62	87
68	70
7	86
96	57
80	74
27	82
80	72
10	77
59	73
47	92
65	78
86	87
50	90
78	64
13	96
73	69
52	57
21	2
21	23
72	63
67	91
76	51
94	13
33	78
93	87
92	63
73	64
5	90
81	95

C_9_444 LB=0 UB=5858
100
100
67	86
68	76
63	54
72	64
87	75
78	81
89	100
88	76
69	77
50	99
77	57
66	99
62	91
90	27
76	77
56	83
78	16
80	67
87	57
57	80
90	3
88	69
60	50
70	88
63	50
56	84
95	54
96	57
53	60
87	59
91	70
82	89
55	83
30	98
99	48
80	82
69	66
83	95
78	37
90	86
94	61
99	55
99	88
61	52
81	67
27	28
91	50
95	80
79	86
65	61
96	75
39	79
40	77
16	7
61	60
96	71
61	57
78	64
89	58
63	84
95	61
2	33
85	18
44	72
94	27
88	63
80	88
85	96
97	52
85	55
93	71
88	93
65	92
94	59
66	65
3	67
97	42
64	74
67	21
79	74
88	53
47	2
50	89
67	57
91	77
91	91
59	67
67	51
7	74
97	91
81	58
29	71
83	58
63	53
63	61
51	76
72	66
93	77
57	75
86	55

C_9_445 LB=0 UB=4956
100
100
93	53
84	22
74	71
30	22
59	66
59	74
98	89
68	80
92	40
53	88
83	68
18	50
79	75
60	64
79	59
80	81
32	81
78	51
87	62
4	25
97	32
57	50
56	77
89	80
21	67
98	61
88	53
86	97
58	84
1	35
81	92
94	75
8	85
65	68
91	42
64	65
18	33
42	15
3	3
96	66
94	1
79	72
31	83
90	80
74	79
29	41
70	60
45	69
20	20
89	72
72	56
74	42
77	71
12	15
35	76
90	90
96	85
97	69
59	84
80	50
27	11
92	85
97	65
82	72
69	98
100	62
95	58
96	55
23	98
69	51
68	13
71	50
92	8
50	52
26	86
57	57
65	79
93	65
58	57
56	75
54	63
99	39
4	47
66	55
55	58
14	25
59	99
88	98
18	76
41	81
78	61
72	50
92	85
80	82
57	86
17	76
77	65
82	52
100	72
74	93

C_9_446 LB=0 UB=5754
100
100
87	85
74	74
18	75
88	98
27	97
53	99
63	78
24	85
78	65
46	35
70	55
70	70
90	98
99	83
89	94
79	74
64	92
63	93
68	94
100	89
1	99
90	64
11	69
82	66
99	65
85	47
64	79
76	55
57	95
77	92
79	63
32	69
79	86
89	98
7	11
100	18
61	88
62	65
95	69
78	92
55	52
47	46
45	39
68	77
12	85
94	87
56	70
71	74
30	77
51	90
31	14
85	83
58	65
71	54
65	69
60	53
100	76
52	81
62	86
98	86
52	99
46	78
71	64
97	79
67	83
50	68
91	54
57	85
93	79
67	79
23	6
80	51
31	37
45	3
66	69
63	81
80	55
85	87
22	97
9	80
91	86
91	34
39	87
17	24
63	79
50	42
67	80
36	38
98	83
82	11
57	90
66	62
94	99
60	93
59	61
58	100
67	27
72	36
72	95
62	99

C_9_447 LB=0 UB=5179
100
100
70	74
53	52
62	75
41	12
70	5
69	24
54	62
98	90
54	98
19	8
9	12
67	79
64	52
96	3
24	22
49	30
86	69
81	59
66	44
91	92
69	97
86	28
90	78
46	77
64	87
90	57
41	82
73	2
80	38
12	50
67	31
89	100
92	1
95	52
27	100
78	58
68	75
90	68
62	80
79	80
59	61
97	95
72	22
92	62
62	59
65	83
68	76
66	56
78	69
96	83
90	91
52	62
53	91
38	97
22	78
50	80
92	74
91	68
65	57
72	10
92	68
56	53
71	57
31	100
53	75
33	50
89	69
63	52
76	93
71	58
67	94
8	17
61	72
81	29
71	29
63	93
57	63
84	60
60	76
81	80
16	77
8	4
74	85
60	79
36	87
93	58
100	55
51	91
67	57
89	75
37	92
5	13
60	96
98	53
86	81
19	48
65	95
68	94
97	87
97	43

C_9_448 LB=0 UB=5821
100
100
85	88
83	50
50	76
56	58
94	66
82	94
65	60
61	57
64	56
43	100
91	55
28	79
96	58
65	66
85	14
55	92
93	22
99	96
78	83
96	77
95	97
97	36
89	63
97	73
61	83
51	88
61	56
59	81
40	32
71	51
96	60
85	50
80	92
66	28
92	76
71	82
88	14
94	64
100	53
69	75
46	47
98	63
69	93
79	80
80	42
63	74
50	94
50	96
57	99
91	96
43	7
84	74
70	17
79	80
98	81
85	14
66	97
80	75
63	66
85	64
39	39
93	82
91	64
52	78
72	92
66	51
80	73
88	3
67	57
51	82
81	94
74	89
74	84
100	74
94	77
28	91
93	72
8	85
68	71
42	98
72	72
29	96
54	77
68	67
64	84
61	70
52	95
56	50
18	8
5	9
61	73
56	95
83	93
60	59
83	64
18	66
72	40
78	71
16	17
91	69

C_9_449 LB=0 UB=5148
100
100
50	72
57	86
52	58
79	55
56	72
79	77
63	64
56	51
74	84
61	80
87	82
97	11
52	58
69	44
22	74
95	80
44	44
61	70
68	53
56	62
96	91
79	57
76	56
80	55
59	100
9	7
96	71
16	11
85	70
100	67
77	97
62	77
23	3
3	93
70	85
70	55
71	96
77	25
26	35
91	96
82	51
43	80
42	46
73	98
54	68
81	78
20	79
77	11
88	98
30	98
59	53
71	86
84	88
94	28
61	100
88	73
42	93
14	80
25	71
17	21
11	68
98	75
99	77
57	81
91	79
44	41
86	58
72	3
83	66
51	68
34	67
23	37
87	65
71	57
96	7
48	87
52	76
67	9
76	23
85	88
80	98
95	71
98	50
89	7
79	32
99	95
93	91
44	37
69	77
16	87
99	92
15	29
82	84
93	78
67	54
99	82
55	52
82	88
97	79
94	97

C_9_450 LB=0 UB=5737
100
100
61	94
96	54
61	91
28	98
39	42
63	67
95	95
51	65
78	50
93	92
90	59
88	97
86	22
85	78
47	91
85	89
92	53
88	76
16	83
96	43
17	48
52	86
96	74
75	8
52	53
79	57
87	86
97	85
50	22
77	41
91	59
91	73
59	50
66	85
56	95
96	74
80	92
78	91
83	92
63	86
75	45
51	59
80	50
92	60
57	58
36	39
71	70
33	97
63	84
83	80
84	51
85	93
81	72
91	83
57	95
99	51
60	71
60	98
43	50
25	22
2	32
92	74
89	66
62	53
54	54
90	12
98	95
60	98
68	89
90	61
67	85
71	53
95	85
56	73
100	87
94	70
33	95
35	46
44	66
28	100
82	61
74	80
99	75
73	90
93	92
83	27
65	62
81	92
65	85
89	85
96	11
100	55
50	39
75	5
84	70
80	81
96	54
100	86
36	95
23	78

