C_10_451
 20
100
  7  25
 47  27
 13  24
 48  34
 21   1
 76  93
 33   6
 33   6
 97  88
 18  21
 64  99
 31  40
 85  87
 21  11
  8   4
 89  85
 34  48
 85  61
 13  20
 10  42

C_10_452
 20
100
 36  72
 48   6
 66  53
 11  46
 24   1
 84  13
 72   1
 45   8
 24   4
 17  31
 16  72
 91  82
 90  19
 19  12
 34  30
 49  19
  9  45
 88   4
 74  13
 19  16

C_10_453
 20
100
 29  32
 25  26
 40  88
 44  46
 29  36
 16  45
 96  92
 90  71
 42   1
 19  26
 15  14
 49   8
 76  29
 88  19
 45  98
 20   7
  2  18
  9  23
 36  42
  2  17

C_10_454
 20
100
 11  20
 84  31
 18  91
 28   6
 27  31
 57  83
 90  53
 65  62
  5   4
  2  46
 24  33
 15  32
 95  89
  7  21
 79  23
 26  13
 47  35
 24   8
 27  25
 49   6

C_10_455
 20
100
 46  48
  8  78
  9  46
 41  49
 25  22
  3  33
 93  75
 91  68
 15   7
  9   8
 40  17
  4  66
 18   4
 26  46
 48  20
 77  94
 32  13
  6  45
 18  34
 12  49

C_10_456
 20
100
  7   7
 12  43
 36  42
 49  99
 43  30
 39  31
 28  21
 87  42
 41  15
 27  31
 32  11
 75  98
  1  11
 27  43
 48  13
 31  16
 22  78
 39  16
 25  27
 49  45

C_10_457
 20
100
  3  48
 11  35
 94  65
 47  72
 92  12
 11  39
 90  35
 53  69
 35  37
 24  68
 92  16
 22  41
 44  82
 48  32
 52  58
  2  82
 14  22
 83  70
 29  13
 43  19

C_10_458
 20
100
  5  43
  9  39
  2  42
 27  79
  2  19
 22   5
  6  23
 46  43
 12   6
 98  33
 21  17
 27  84
 33   6
 34  23
 48  81
 19  22
 16  17
 32  24
 37  39
 23  29

C_10_459
 20
100
 18  27
 99  71
 49  30
 37  45
  7  35
 28  45
 93  94
 21  24
  7   5
 18  31
 99  20
 18  76
 68  87
 21  28
 77   7
 26  18
 42  30
 34  37
 96  56
 97  33

C_10_460
 20
100
 25  39
 15   6
 37  48
  9  10
 26  10
  6  42
 44  25
 56  51
 39  42
 10  40
 12  13
 16  69
 13  37
 24  50
 42  13
 36  80
 49  43
  1  21
 34  25
 18  48

C_10_461
 40
100
 36  72
 48   6
 66  53
 11  46
 24   1
 84  13
 72   1
 45   8
 24   4
 17  31
 16  72
 91  82
 90  19
 19  12
 34  30
 49  19
  9  45
 88   4
 74  13
 19  16
 44  88
  8   7
  3   7
 50  26
 94  33
 95  72
  6  12
 43  98
 49  96
 43 100
 79  30
 47  86
 19  18
  4  38
 46   8
 13  24
100   2
 26  38
 83  99
 41  30

C_10_462
 40
100
 11  20
 84  31
 18  91
 28   6
 27  31
 57  83
 90  53
 65  62
  5   4
  2  46
 24  33
 15  32
 95  89
  7  21
 79  23
 26  13
 47  35
 24   8
 27  25
 49   6
 10  43
  2   6
 46  39
 33  72
 34  13
 42  77
 83  15
 29  26
 70  94
 44  38
 18   2
 37   3
 19  37
  8  22
 72  50
  6  43
 29  42
 33  17
 88  60
 37  44

C_10_463
 40
100
  7   7
 12  43
 36  42
 49  99
 43  30
 39  31
 28  21
 87  42
 41  15
 27  31
 32  11
 75  98
  1  11
 27  43
 48  13
 31  16
 22  78
 39  16
 25  27
 49  45
  5  92
 61  50
 13   2
 28  90
 50  19
 97  98
 14  39
 68  88
  6  12
 44   6
 76  88
 22   2
 24  17
  2  26
100  48
 85  77
 53  82
 22   7
 90  20
 73  15

C_10_464
 40
100
  5  43
  9  39
  2  42
 27  79
  2  19
 22   5
  6  23
 46  43
 12   6
 98  33
 21  17
 27  84
 33   6
 34  23
 48  81
 19  22
 16  17
 32  24
 37  39
 23  29
 10  39
 42  37
 37  18
 89  98
 17  24
 63  61
 99   8
 16  29
 34  20
 47  49
 23  10
  5  21
 63  77
 42  47
  8  81
  6  25
 69  47
 48   7
 69  48
 19  41

C_10_465
 40
100
 25  39
 15   6
 37  48
  9  10
 26  10
  6  42
 44  25
 56  51
 39  42
 10  40
 12  13
 16  69
 13  37
 24  50
 42  13
 36  80
 49  43
  1  21
 34  25
 18  48
 47  10
 39  68
 38  99
 12  37
  6  39
 39  48
 67  33
 18  38
 27  30
 50   5
 79  80
 35  50
 10  33
 23  23
 18  38
 14  24
  4  98
 71   2
 68  58
 54  58

C_10_466
 40
100
  1  13
 24  33
 16  16
 98   7
  9  23
 22   9
 29  33
100  39
 85  45
 31  47
 68  11
 16  32
  9  29
 67  46
 41   1
 43  38
  1  25
 35   7
 39   2
 31   4
  5  32
 30  30
 49  15
 32  33
 21   1
 36  14
 21  93
 44  23
 98  81
  4  10
  4  27
 67  74
 37  24
 33  18
 49  25
  3  38
 38  28
 74  87
  5  34
 50  14

C_10_467
 40
100
 76  52
 16  50
 43   4
  2  89
 12  33
 66  70
 34  41
  9  11
  9  83
 29  68
 91  39
 28  49
 18  29
 53  98
  2  48
  8 100
 92  45
 40   4
 29  79
 50  11
 21  22
 37  80
 17   2
 52  84
 15  11
 47  50
 17  98
 68  69
 21  11
 78  41
 85   3
 45  16
 38  23
 50  44
  1  80
 34  25
 17  47
 45   8
 36   1
 34  45

C_10_468
 40
100
 67  49
 93  83
 16  44
 40  23
  8  41
 39  41
 27  41
 91  86
 83  45
 47  10
 50   1
  5  11
  4  10
 16  41
 35  22
 30  48
 96  37
 47  33
 31   5
 17  46
 46  26
 39  37
 39  49
 15   6
 10  26
 96   3
 71   6
 25  28
 36  38
  9  30
 40  23
 98  11
 23  12
 37  19
 33  67
 86   6
 80  47
 26  20
 38  44
 75  62

C_10_469
 40
100
 71  22
 12  29
 65  55
 75  21
 26  17
 44  76
 39   7
  2  12
  4  24
 38  12
 73  69
  2  15
 45  43
 96  21
 19  96
 14  30
 47  23
 12  42
 77  80
 37   6
 10  15
 41  24
 47  28
 81  45
 36  18
 31  18
 77  87
 19  44
 23  89
 34  24
 80   8
 84   6
 80  10
 48  41
 83  41
 47  29
 81  99
 24  20
 41  35
 28  14

C_10_470
 40
100
 17  36
 18  26
 63  54
 72  64
 38  26
 29  32
 40  50
 88  76
 20  28
  1  49
 27   8
 17  49
 13  41
 90  27
 27  27
  6  34
 78  16
 31  18
 87  57
  8  30
 90   3
 38  20
 10   1
 21  38
 63  50
  7  34
 45   5
 46   8
  4  11
 38   9
 91  70
 32  39
  6  33
 30  98
 99  48
 30  32
 69  66
 34  45
 78  37
 90  86

C_10_471
 60
100
 29  32
 25  26
 40  88
 44  46
 29  36
 16  45
 96  92
 90  71
 42   1
 19  26
 15  14
 49   8
 76  29
 88  19
 45  98
 20   7
  2  18
  9  23
 36  42
  2  17
 49  18
 97  89
 40  48
 45  92
  8  31
 96  66
 54  65
 50  72
 29  68
  8   6
 31  46
 18  18
 11  40
 31   7
 19  37
 46  82
  5  37
 15  20
 19  40
 37  43
 11  46
 11  44
 31   5
 39  23
 85  17
 19  30
 68  32
  2  76
  8  49
 38  28
 39  20
 28  19
 48  43
 20  37
 36  20
 64  83
  1  49
 62  57
 44  31
 63  60

C_10_472
 60
100
  7   7
 12  43
 36  42
 49  99
 43  30
 39  31
 28  21
 87  42
 41  15
 27  31
 32  11
 75  98
  1  11
 27  43
 48  13
 31  16
 22  78
 39  16
 25  27
 49  45
  5  92
 61  50
 13   2
 28  90
 50  19
 97  98
 14  39
 68  88
  6  12
 44   6
 76  88
 22   2
 24  17
  2  26
100  48
 85  77
 53  82
 22   7
 90  20
 73  15
 45  11
  4   1
 82  53
100  14
 48  50
 47   6
 41  49
 48  25
 13   1
 67  22
 12   6
  9  47
 39  75
 19  50
 44  25
 32  31
 76  88
 48  40
 38   5
 16  27

C_10_473
 60
100
 18  27
 99  71
 49  30
 37  45
  7  35
 28  45
 93  94
 21  24
  7   5
 18  31
 99  20
 18  76
 68  87
 21  28
 77   7
 26  18
 42  30
 34  37
 96  56
 97  33
 28  35
 10   7
 37  17
 77  59
 74  51
 47  39
 40  40
 20  47
 88  31
 46  33
 53  74
 25  47
 67  21
  7  39
 30  20
 42   8
 35  22
 29   6
 18  28
 20  31
 29  36
 13  35
 17  47
 72  16
 34  11
  9  25
 78  77
 11  12
  1  47
 16  84
  1  20
 24  20
 29  46
 35  94
 35  24
 49  40
 19  69
 16  16
 81  90
 90  21

C_10_474
 60
100
  1  13
 24  33
 16  16
 98   7
  9  23
 22   9
 29  33
100  39
 85  45
 31  47
 68  11
 16  32
  9  29
 67  46
 41   1
 43  38
  1  25
 35   7
 39   2
 31   4
  5  32
 30  30
 49  15
 32  33
 21   1
 36  14
 21  93
 44  23
 98  81
  4  10
  4  27
 67  74
 37  24
 33  18
 49  25
  3  38
 38  28
 74  87
  5  34
 50  14
  1  96
 27  18
 82   6
  8   1
 25  21
 42  11
  4  39
 78  99
 60  59
 78  15
 45  34
 11   9
  8  73
  6  31
 48  40
  4  31
 17  23
  5   9
 13   8
 10  15

C_10_475
 60
100
 78  12
 29  44
 40  45
 47  34
 16   5
 92  77
 44  43
 16  23
 26  10
 18  22
 10   4
 47  24
 47  26
  4  29
 37  26
 89  86
 30   4
  3  47
 84  10
 44  11
 25  44
 13  84
 27   5
 10  47
 32  97
 85  68
 39  12
 92  44
100   8
 18  22
 13  31
 27   3
 29  32
 75  37
 99  12
 28  82
 21  19
 21  14
 46   4
 94   7
 24  17
 39   2
  5   8
 15  66
 39  26
 79   3
 25  23
  1   7
 15  48
 11  14
  8  50
 99  24
  3  31
 15  91
 51  89
  8   4
  3  25
 30  81
  7  39
 29  45

C_10_476
 60
100
 71  22
 12  29
 65  55
 75  21
 26  17
 44  76
 39   7
  2  12
  4  24
 38  12
 73  69
  2  15
 45  43
 96  21
 19  96
 14  30
 47  23
 12  42
 77  80
 37   6
 10  15
 41  24
 47  28
 81  45
 36  18
 31  18
 77  87
 19  44
 23  89
 34  24
 80   8
 84   6
 80  10
 48  41
 83  41
 47  29
 81  99
 24  20
 41  35
 28  14
  4  49
 11  72
 19  41
 22  10
 87  60
 72  13
  9   9
 27  18
 33  89
 70  76
 10  38
 43  92
 90  69
 43   2
 23  29
 21  19
  8  17
 77  89
 97  82
 11  13

C_10_477
 60
100
 11  21
 23  20
 35  39
 92  96
 13  90
 41  25
 44   9
 77   6
 27  11
 70  91
 75  41
 66  28
  3  48
 11  19
 97  34
 99  61
 41  47
 14   8
 39  92
  8   7
 40   8
 29   9
 44   5
 28  14
  1  31
  5  81
 60  83
 10  33
 23  75
 93  97
 92  24
  4  13
 70  10
 43  33
 29  83
 10   5
 53  67
 68  31
 31  38
 27   9
 11  37
 27  40
 96  13
  6  24
 30  18
 12  11
 19  50
 46   1
 11  10
  8  44
  6  48
 48  40
  4  14
 16  39
  4  71
 12  40
  8  30
 36  97
 14  30
 87  51

C_10_478
 60
100
 45  14
 33  22
 21  50
  4  16
 50  13
  3  12
 32   5
 86  12
 16  25
 90  14
  4  22
 18  19
 45  48
 28  27
 38   1
 77  38
 84  82
 83  51
 34  42
 28  19
 36  29
 50  92
 91  94
 66  12
 49  37
 29  37
 59  57
 35  16
 24   6
 19  47
 40  33
 31  32
 59  87
 21  19
 88  20
 39   9
  8  31
 35   3
 37  19
  8  49
 18  35
 10  48
  2  29
 39  49
 39   2
 47   4
 30   2
 32  12
 23  29
 45  23
 68  85
 36  91
 17  19
  5   3
 19  31
 67  22
 73  70
 27  44
 31  38
 80  69

C_10_479
 60
100
  2  23
 32   7
 12  10
 37  66
 83  25
 21  49
 42  18
 88  50
 11  38
 71  52
 33  91
 39  72
  8  14
 34  19
 36  78
  7  31
 16  50
  8  46
 50  11
 37  14
 37  99
 44  35
 26  15
 28   9
 19   9
 41  35
 14  31
 32  15
 12  31
 50  48
 14   9
 98  33
 18  15
 80  22
 25  48
 23  13
 35  10
  3   7
 48 100
 61  53
 13  17
 47   4
 32  12
 60  57
 53  85
  3  13
 28  36
 23  22
 55  65
 21  34
 36  22
 46  49
 19   7
 50  16
  6  79
 31  37
 45  11
 40  72
 37  29
 28  37

C_10_480
 60
100
 38  36
 74  74
 18  75
 38  48
 27  97
  4  49
 14  29
 24  85
 28  16
 46  35
 20   6
 21  20
 41  48
 49  33
 39  44
 30  24
 15  43
 14  43
 19  44
 50  40
  1  99
 40  14
 11  69
 33  17
 49  16
 85  47
 14  29
 27   6
  8  45
 28  42
 30  14
 32  69
 29  36
 39  48
  7  11
100  18
 12  39
 12  16
 45  19
 78  92
  6   3
 47  46
 45  39
 19  27
 12  85
 44  37
  7  21
 21  25
 30  77
  2  40
 31  14
 35  33
  9  16
 22   5
 65  69
 11   4
 50  26
  3  31
 13  36
 48  36

C_10_481
 80
100
 11  20
 84  31
 18  91
 28   6
 27  31
 57  83
 90  53
 65  62
  5   4
  2  46
 24  33
 15  32
 95  89
  7  21
 79  23
 26  13
 47  35
 24   8
 27  25
 49   6
 10  43
  2   6
 46  39
 33  72
 34  13
 42  77
 83  15
 29  26
 70  94
 44  38
 18   2
 37   3
 19  37
  8  22
 72  50
  6  43
 29  42
 33  17
 88  60
 37  44
 50   8
 20  82
 15  33
 80  55
 88  36
 18  42
  4  17
 35  30
 28  26
 29  22
  5  12
  1  16
 34  27
 50  14
 66  69
 85  14
  3  40
 34  17
 41  38
 18  23
 32  15
 29  32
 27  19
 19  96
 24   1
 86  58
 24  11
 31  26
 27  49
 54  97
 33  75
  6  80
 42   9
 35  47
  3  86
 42  27
 18  30
 27   9
 36   7
 93  44

C_10_482
 80
100
  5  43
  9  39
  2  42
 27  79
  2  19
 22   5
  6  23
 46  43
 12   6
 98  33
 21  17
 27  84
 33   6
 34  23
 48  81
 19  22
 16  17
 32  24
 37  39
 23  29
 10  39
 42  37
 37  18
 89  98
 17  24
 63  61
 99   8
 16  29
 34  20
 47  49
 23  10
  5  21
 63  77
 42  47
  8  81
  6  25
 69  47
 48   7
 69  48
 19  41
 71  28
 17  85
 14  90
 43  78
 22  21
 47  11
 34  34
 28   7
 49  25
 38   6
 16  96
 26   8
 36  41
 41  12
 10  16
 35  20
 36  19
  6  30
 76  49
 55  94
 47   8
 83  59
 32  44
 38  29
 79   9
 21   2
 11   1
 32  27
  4  22
 21   5
  1  20
 38  36
  1  46
 33  79
  3  50
 69   6
  8  32
  6  46
 17  42
 34  39

C_10_483
 80
100
  1  13
 24  33
 16  16
 98   7
  9  23
 22   9
 29  33
100  39
 85  45
 31  47
 68  11
 16  32
  9  29
 67  46
 41   1
 43  38
  1  25
 35   7
 39   2
 31   4
  5  32
 30  30
 49  15
 32  33
 21   1
 36  14
 21  93
 44  23
 98  81
  4  10
  4  27
 67  74
 37  24
 33  18
 49  25
  3  38
 38  28
 74  87
  5  34
 50  14
  1  96
 27  18
 82   6
  8   1
 25  21
 42  11
  4  39
 78  99
 60  59
 78  15
 45  34
 11   9
  8  73
  6  31
 48  40
  4  31
 17  23
  5   9
 13   8
 10  15
 38  47
 17  48
 90  88
 84  10
 20  32
 39  49
 28  30
  5  17
 14  86
 24  12
 28  33
 46  35
 69  88
 20  36
 40  98
 48  15
 37   9
 28  22
 13  24
 11   7

C_10_484
 80
100
 67  49
 93  83
 16  44
 40  23
  8  41
 39  41
 27  41
 91  86
 83  45
 47  10
 50   1
  5  11
  4  10
 16  41
 35  22
 30  48
 96  37
 47  33
 31   5
 17  46
 46  26
 39  37
 39  49
 15   6
 10  26
 96   3
 71   6
 25  28
 36  38
  9  30
 40  23
 98  11
 23  12
 37  19
 33  67
 86   6
 80  47
 26  20
 38  44
 75  62
 32  44
 27  33
  4  98
 32  31
  4   3
 40   7
 88  11
 50  11
 88  72
 63  92
 22  91
 80  51
 33   5
100  90
 23  25
 22   5
 41  49
 47  49
 36  25
 25  20
  9   4
  7  20
 11  36
 41  47
 40  21
 27   2
 47   9
 17  90
 32  50
 10  46
 97  43
  6  90
 90  40
  4   2
  5  40
  6  47
  1  42
 59  69
 75  97
 77  20

C_10_485
 80
100
 17  36
 18  26
 63  54
 72  64
 38  26
 29  32
 40  50
 88  76
 20  28
  1  49
 27   8
 17  49
 13  41
 90  27
 27  27
  6  34
 78  16
 31  18
 87  57
  8  30
 90   3
 38  20
 10   1
 21  38
 63  50
  7  34
 45   5
 46   8
  4  11
 38   9
 91  70
 32  39
  6  33
 30  98
 99  48
 30  32
 69  66
 34  45
 78  37
 90  86
 44  11
 49   6
 99  88
 12   3
 31  18
 27  28
 42   1
 45  31
 30  37
 16  12
 46  25
 39  79
 40  77
 16   7
 12  11
 46  22
 61  57
 28  14
 40   9
 14  35
 45  12
  2  33
 85  18
 44  72
 94  27
 38  14
 30  39
 35  46
 47   3
 35   6
 43  21
 88  93
 16  42
 44   9
 17  15
  3  67
 97  42
 15  25
 67  21
 30  25

C_10_486
 80
100
 45  14
 33  22
 21  50
  4  16
 50  13
  3  12
 32   5
 86  12
 16  25
 90  14
  4  22
 18  19
 45  48
 28  27
 38   1
 77  38
 84  82
 83  51
 34  42
 28  19
 36  29
 50  92
 91  94
 66  12
 49  37
 29  37
 59  57
 35  16
 24   6
 19  47
 40  33
 31  32
 59  87
 21  19
 88  20
 39   9
  8  31
 35   3
 37  19
  8  49
 18  35
 10  48
  2  29
 39  49
 39   2
 47   4
 30   2
 32  12
 23  29
 45  23
 68  85
 36  91
 17  19
  5   3
 19  31
 67  22
 73  70
 27  44
 31  38
 80  69
 92  83
 11  48
  5   7
 19  29
 22   8
 55  62
 41  91
 20  50
 13  44
 13  40
 38  29
 33  88
 16  42
 31  28
 47  33
  7  27
 31   2
 61  78
 18  49
 43  32

C_10_487
 80
100
 16  30
 93  73
 33  99
 30  24
  2  44
 94  77
 25  18
 37  35
 50  20
  8  44
 28  50
  6   7
  9   8
 32  22
 93  94
 37  41
 31   7
 19  12
 21  49
 79  86
 13  18
 17  14
  9  16
 33  44
  8  41
 27  27
 10  44
 49  13
 14  25
 99   1
 22  35
 26  95
 32  21
 32  38
 97  36
 15  36
 11  29
 27  36
 31  50
 16  39
  3  99
 33  46
 28  25
 85   5
 55  79
  2  17
 36  12
  3  32
 20  22
 32  50
  7  72
 38  80
 46  27
 23  45
 39  21
 90  22
 34  43
 26   2
 32  43
 95  84
 33  20
 41  20
 38  26
 16   8
 45  10
 18 100
  5  21
 98  94
 67  60
  6  41
 33  28
 95  41
  2  23
  6  44
 73  97
 48 100
 48  48
 78   9
 75  76
 15  21

C_10_488
 80
100
 76  28
 90  20
100  50
 27  14
 12  27
 22  35
 50  55
 19  34
 78  37
 19  11
 15  22
 23  16
 38  10
 29  48
 39  50
 38   9
 19  44
100  98
 26  40
 15  14
 11  39
 33   9
 24  41
 53  81
 15  47
 27  31
 34   5
  4  72
 87  15
 34  16
 69  29
 16  50
  8  46
 66  12
 39  16
 40   2
 48  38
 31  20
 34  14
 25  15
 48  42
 22  39
 41  24
 22  40
 11   8
 25  20
  9  45
 31  27
 35  35
 39  13
 39  28
  1  26
 21  24
 16  77
 30  23
 33  36
 18  25
  3  33
 34  29
 27   8
 27  37
  3  11
 48  48
 32  41
 99  11
 75  50
 83  27
 49  37
 30  47
 37   1
 13  19
 77  93
 24  44
 80  14
 13  22
 18  12
 30   3
 18  38
 25  37
 20  42

C_10_489
 80
100
 27  41
 15  48
 59  54
 31   7
 21  22
 49  44
 10  41
 21   8
 26  14
 45   1
 80  39
 22  22
 43  17
 52  69
 44  49
 36  46
 22  33
 22   1
 28  20
 11  33
 13  10
  3  43
 25   3
 48  31
 15  48
 45  47
 33  47
 46  41
 29  49
 49  13
  2  67
  6  74
 53  60
 15  40
 89  21
 28  46
 41  34
 43  30
 27 100
 11  41
 40  20
 32  30
 31  42
 69  48
 50  77
 83  93
 48  96
 13  16
 23  25
 46  17
 83   9
 31  97
  6  46
 20   3
 15  90
 73  37
 66  28
  6  50
 16  23
  3  94
  9  21
  3   9
 86  22
  6   5
 28  84
 62  79
  4  34
 80  32
 71  44
 33  12
 40   6
 48  20
 50  81
 16   6
 92  41
 37  20
  4  13
 10  74
 48  37
 86  81

C_10_490
 80
100
 36  38
 34   1
  1  26
  7   9
 94  66
 33  44
 15  10
 61  57
 64  56
 43 100
 41   6
 28  79
 46   9
 65  66
 85  14
  6  42
 93  22
 49  46
 28  33
 46  27
 45  47
 97  36
 39  14
 47  23
 12  34
  2  38
 12   6
 10  31
 40  32
 21   2
 46  11
 35   1
 31  42
 66  28
 43  27
 21  32
 88  14
 44  15
100  53
 20  25
 46  47
 98  63
 69  93
 79  80
 80  42
 63  74
  1  44
 50  96
  8  49
 41  46
 43   7
 34  24
 70  17
 30  30
 48  31
 85  14
 17  47
 30  26
 14  17
 35  15
 39  39
 43  33
 41  14
  3  28
 72  92
 17   1
 80  73
 88   3
 17   8
  2  32
 32  45
 24  39
 24  34
 50  24
 44  27
 28  91
 43  23
  8  85
 19  21
 42  98

C_10_491
100
100
 46  48
  8  78
  9  46
 41  49
 25  22
  3  33
 93  75
 91  68
 15   7
  9   8
 40  17
  4  66
 18   4
 26  46
 48  20
 77  94
 32  13
  6  45
 18  34
 12  49
  7  34
 98   6
 49  11
  9  76
 96  16
 49  29
 43  49
 18  44
 43  10
 14  13
 98  48
 38  34
  4  15
 40   9
 75  10
 20  90
 26  32
 27  77
 92  82
 13  49
 10  11
 27  36
 32  17
 18  25
  6   1
 38  16
 33  13
 35  11
 62  53
 11   9
 96  71
 14  10
 82  67
 97  13
 21  41
 68  20
 13  43
 41  29
  7  22
  6  41
  5  30
 49   7
 55  65
 19  25
  9  29
 18  46
 76  20
 45  20
 25  39
 49  47
 37  91
 87  27
  2  11
 42  72
 20  14
 30  45
 41  97
 46  34
 15   4
 40  25
 41  41
 12  19
 21   5
 12  17
  4  48
 40  17
 39  18
 45  20
 28  17
 29  26
 19  43
 41  35
 13  98
 86  47
 10  29
 48  73
 10  39
 43  30
 75  27
 16 100

C_10_492
100
100
 25  39
 15   6
 37  48
  9  10
 26  10
  6  42
 44  25
 56  51
 39  42
 10  40
 12  13
 16  69
 13  37
 24  50
 42  13
 36  80
 49  43
  1  21
 34  25
 18  48
 47  10
 39  68
 38  99
 12  37
  6  39
 39  48
 67  33
 18  38
 27  30
 50   5
 79  80
 35  50
 10  33
 23  23
 18  38
 14  24
  4  98
 71   2
 68  58
 54  58
 10  23
  4  44
 30  93
  7   6
 28  10
 13  47
 53  83
 21  15
  8  72
 32  11
 39  39
 98  35
 49  21
 14  38
 36  69
 34  18
 50  93
  7  83
 44  34
 33  11
 16  84
 12  25
 15  24
 43  17
 42  23
 28  36
 96  75
 16  34
 29  31
 69   9
 40  39
100  62
 29  50
 46  44
 45  14
 45   3
 40  87
 47  93
 12   1
  3   5
 62  73
 11  48
 41  49
 21  19
 47  28
 35  78
 87   9
  2  45
 43  96
 22  49
 33  31
 94  81
 50  21
 79  42
 46  14
 48  31
 20  10
 30  47
 21   9
 14  41

C_10_493
100
100
 78  12
 29  44
 40  45
 47  34
 16   5
 92  77
 44  43
 16  23
 26  10
 18  22
 10   4
 47  24
 47  26
  4  29
 37  26
 89  86
 30   4
  3  47
 84  10
 44  11
 25  44
 13  84
 27   5
 10  47
 32  97
 85  68
 39  12
 92  44
100   8
 18  22
 13  31
 27   3
 29  32
 75  37
 99  12
 28  82
 21  19
 21  14
 46   4
 94   7
 24  17
 39   2
  5   8
 15  66
 39  26
 79   3
 25  23
  1   7
 15  48
 11  14
  8  50
 99  24
  3  31
 15  91
 51  89
  8   4
  3  25
 30  81
  7  39
 29  45
 14  32
 56  69
 25   2
 61  97
 38  50
 45  28
  4  83
  6  11
 22  29
 45  48
 44  11
 12  37
 19  21
  7  86
 96  57
 30  25
 27  82
 80  72
 10  77
  9  24
 47  92
 16  28
 86  87
 50  90
 28  14
 13  96
 23  19
  3   7
 21   2
 21  23
 72  63
 17  42
 26   2
 94  13
 33  78
 44  38
 42  13
 73  64
  5  90
 81  95

C_10_494
100
100
 17  36
 18  26
 63  54
 72  64
 38  26
 29  32
 40  50
 88  76
 20  28
  1  49
 27   8
 17  49
 13  41
 90  27
 27  27
  6  34
 78  16
 31  18
 87  57
  8  30
 90   3
 38  20
 10   1
 21  38
 63  50
  7  34
 45   5
 46   8
  4  11
 38   9
 91  70
 32  39
  6  33
 30  98
 99  48
 30  32
 69  66
 34  45
 78  37
 90  86
 44  11
 49   6
 99  88
 12   3
 31  18
 27  28
 42   1
 45  31
 30  37
 16  12
 46  25
 39  79
 40  77
 16   7
 12  11
 46  22
 61  57
 28  14
 40   9
 14  35
 45  12
  2  33
 85  18
 44  72
 94  27
 38  14
 30  39
 35  46
 47   3
 35   6
 43  21
 88  93
 16  42
 44   9
 17  15
  3  67
 97  42
 15  25
 67  21
 30  25
 38   4
 47   2
  1  39
 18   8
 91  77
 41  41
 10  18
 17   2
  7  74
 97  91
 31   9
 29  71
 34   9
 63  53
 14  11
 51  76
 22  17
 43  27
 57  75
 37   6

C_10_495
100
100
 43   4
 84  22
 25  21
 30  22
 10  16
 10  24
 48  39
 18  30
 92  40
  4  38
 83  68
 18  50
 30  26
 10  14
 29  10
 30  32
 32  81
 28   2
 37  13
  4  25
 97  32
  7   1
  7  28
 89  80
 21  67
 98  61
 39   4
 36  47
  9  34
  1  35
 32  42
 44  25
  8  85
 15  19
 91  42
 15  15
 18  33
 42  15
  3   3
 46  17
 94   1
 29  22
 31  83
 40  30
 24  29
 29  41
 21  11
 45  69
 20  20
 40  22
 72  56
 74  42
 27  22
 12  15
 35  76
 90  90
 46  36
 97  69
 59  84
 31   1
 27  11
 43  35
 47  16
 33  22
 19  48
 50  13
 95  58
 96  55
 23  98
 20   2
 68  13
 21   1
 92   8
  1   3
 26  86
  8   7
 65  79
 43  15
  9   8
  7  26
  5  14
 99  39
  4  47
 66  55
 55  58
 14  25
 10  49
 88  98
 18  76
 41  81
 28  12
 22   1
 92  85
 31  32
  8  36
 17  76
 27  15
 82  52
 50  23
 24  43

C_10_496
100
100
 38  36
 74  74
 18  75
 38  48
 27  97
  4  49
 14  29
 24  85
 28  16
 46  35
 20   6
 21  20
 41  48
 49  33
 39  44
 30  24
 15  43
 14  43
 19  44
 50  40
  1  99
 40  14
 11  69
 33  17
 49  16
 85  47
 14  29
 27   6
  8  45
 28  42
 30  14
 32  69
 29  36
 39  48
  7  11
100  18
 12  39
 12  16
 45  19
 78  92
  6   3
 47  46
 45  39
 19  27
 12  85
 44  37
  7  21
 21  25
 30  77
  2  40
 31  14
 35  33
  9  16
 22   5
 65  69
 11   4
 50  26
  3  31
 13  36
 48  36
  3  49
 46  78
 21  15
 47  30
 17  33
  1  19
 41   5
 57  85
 43  29
 17  30
 23   6
 30   2
 31  37
 45   3
 17  20
 14  31
 30   6
 35  37
 22  97
  9  80
 41  37
 91  34
 39  87
 17  24
 14  29
 50  42
 17  30
 36  38
 49  34
 82  11
  8  40
 66  62
 45  49
 11  43
  9  12
  9  50
 67  27
 72  36
 23  45
 13  49

C_10_497
100
100
 21  24
  4   3
 12  26
 41  12
 70   5
 69  24
 54  62
 48  40
  5  48
 19   8
  9  12
 18  29
 15   3
 96   3
 24  22
 49  30
 36  19
 31  10
 66  44
 41  42
 20  47
 86  28
 40  28
 46  77
 64  87
 40   8
 41  82
 73   2
 80  38
 12  50
 67  31
 89 100
 92   1
 95  52
 27 100
 29   9
 68  75
 40  18
 13  30
 30  30
 10  12
 47  45
 72  22
 92  62
 13  10
 16  33
 19  26
 17   7
 28  20
 46  33
 40  41
  3  13
  4  41
 38  97
 22  78
 50  80
 43  24
 41  19
 16   7
 72  10
 42  19
  7   4
 22   8
 31 100
  4  25
 33  50
 39  20
 14   3
 27  43
 22   9
 18  44
  8  17
 12  23
 81  29
 71  29
 14  43
  8  14
 34  10
 11  26
 32  31
 16  77
  8   4
 25  35
 11  30
 36  87
 43   9
 50   6
  2  41
 17   8
 40  26
 37  92
  5  13
 10  46
 48   4
 36  32
 19  48
 15  45
 18  44
 47  37
 97  43

C_10_498
100
100
 36  38
 34   1
  1  26
  7   9
 94  66
 33  44
 15  10
 61  57
 64  56
 43 100
 41   6
 28  79
 46   9
 65  66
 85  14
  6  42
 93  22
 49  46
 28  33
 46  27
 45  47
 97  36
 39  14
 47  23
 12  34
  2  38
 12   6
 10  31
 40  32
 21   2
 46  11
 35   1
 31  42
 66  28
 43  27
 21  32
 88  14
 44  15
100  53
 20  25
 46  47
 98  63
 69  93
 79  80
 80  42
 63  74
  1  44
 50  96
  8  49
 41  46
 43   7
 34  24
 70  17
 30  30
 48  31
 85  14
 17  47
 30  26
 14  17
 35  15
 39  39
 43  33
 41  14
  3  28
 72  92
 17   1
 80  73
 88   3
 17   8
  2  32
 32  45
 24  39
 24  34
 50  24
 44  27
 28  91
 43  23
  8  85
 19  21
 42  98
 23  23
 29  96
 54  77
 68  67
 64  84
 11  21
  3  45
  7   1
 18   8
  5   9
 12  24
 56  95
 33  43
 11  10
 33  15
 18  66
 72  40
 28  22
 16  17
 91  69

C_10_499
100
100
  1  22
 57  86
  3   8
 30   6
 56  72
 79  77
 14  15
  6   2
 74  84
 12  30
 37  33
 97  11
  3   8
 69  44
 22  74
 45  31
 44  44
 12  20
 19   4
  7  13
 46  41
 30   8
 27   7
 30   6
 10  50
  9   7
 46  21
 16  11
 36  20
 50  18
 28  47
 13  28
 23   3
  3  93
 70  85
 21   6
 22  46
 77  25
 26  35
 41  46
 33   2
 43  80
 42  46
 23  48
  5  19
 31  28
 20  79
 77  11
 39  48
 30  98
 10   4
 22  36
 34  38
 94  28
 61 100
 39  23
 42  93
 14  80
 25  71
 17  21
 11  68
 48  25
 99  77
  7  32
 41  30
 44  41
 36   9
 72   3
 33  17
  2  18
 34  67
 23  37
 37  16
 21   8
 96   7
 48  87
  3  26
 67   9
 76  23
 35  38
 30  48
 45  21
 48   1
 89   7
 79  32
 99  95
 43  41
 44  37
 20  27
 16  87
 49  42
 15  29
 32  35
 43  29
 18   5
 99  82
  6   3
 33  38
 47  30
 44  47

C_10_500
100
100
 12  44
 96  54
 12  41
 28  98
 39  42
 63  67
 45  45
 51  65
 29   1
 43  42
 40  10
 38  47
 86  22
 35  29
 47  91
 85  89
 42   4
 38  27
 16  83
 96  43
 17  48
  3  36
 46  25
 75   8
  3   4
 29   8
 38  37
 47  35
 50  22
 77  41
 41  10
 41  24
 10   1
 17  35
  6  45
 46  24
 31  42
 29  42
 33  42
 14  37
 75  45
  2  10
 80  50
 43  10
  8   9
 36  39
 22  20
 33  97
 14  35
 33  30
 34   2
 36  43
 32  22
 91  83
  7  45
 49   2
 11  21
 11  48
 43  50
 25  22
  2  32
 42  24
 39  17
 62  53
  5   5
 90  12
 48  46
 11  48
 19  39
 40  12
 18  36
 22   4
 45  35
  7  23
 50  37
 44  21
 33  95
 35  46
 44  66
 28 100
 32  12
 24  31
 49  26
 24  40
 43  43
 83  27
 16  12
 31  42
 16  35
 39  35
 96  11
 50   6
 50  39
 75   5
 34  21
 31  31
 46   5
 50  36
 36  95
 23  78

