
/BENG01
20
25
     6      8
     4     11
     3     10
     7      4
     6     12
     6     11
     8     12
     6      3
     3      4
     8      3
     1      9
     3      1
     6      8
     3     11
     1     11
     8      9
     1      9
     5     11
     7      1
     8      7

/BENG02
40
25
     6      8
     4     11
     3     10
     7      4
     6     12
     6     11
     8     12
     6      3
     3      4
     8      3
     1      9
     3      1
     6      8
     3     11
     1     11
     8      9
     1      9
     5     11
     7      1
     8      7
     3     10
     8      2
     3      8
     3      7
     4      8
     7      2
     7     12
     2      1
     8      3
     1      1
     7     12
     4      3
     4      8
     5     11
     6      5
     8      8
     1      4
     3     10
     7     12
     3     12

/BENG03
60
25
     6      8
     4     11
     3     10
     7      4
     6     12
     6     11
     8     12
     6      3
     3      4
     8      3
     1      9
     3      1
     6      8
     3     11
     1     11
     8      9
     1      9
     5     11
     7      1
     8      7
     3     10
     8      2
     3      8
     3      7
     4      8
     7      2
     7     12
     2      1
     8      3
     1      1
     7     12
     4      3
     4      8
     5     11
     6      5
     8      8
     1      4
     3     10
     7     12
     3     12
     7     10
     4      5
     2      3
     7      7
     8     11
     5     10
     7      4
     4      5
     3      2
     3      3
     3      8
     4     11
     1      8
     7      8
     5      6
     5      8
     8      4
     8      8
     2      7
     2      6

/BENG04
80
25
     6      8
     4     11
     3     10
     7      4
     6     12
     6     11
     8     12
     6      3
     3      4
     8      3
     1      9
     3      1
     6      8
     3     11
     1     11
     8      9
     1      9
     5     11
     7      1
     8      7
     3     10
     8      2
     3      8
     3      7
     4      8
     7      2
     7     12
     2      1
     8      3
     1      1
     7     12
     4      3
     4      8
     5     11
     6      5
     8      8
     1      4
     3     10
     7     12
     3     12
     7     10
     4      5
     2      3
     7      7
     8     11
     5     10
     7      4
     4      5
     3      2
     3      3
     3      8
     4     11
     1      8
     7      8
     5      6
     5      8
     8      4
     8      8
     2      7
     2      6
     2      9
     6      7
     5      1
     2      5
     4     11
     3     11
     1      3
     2      9
     7     11
     4     10
     4      5
     2     11
     3      7
     6     12
     5     11
     6      2
     4     10
     4     10
     3      1
     4      2

/BENG05
100
25
     6      8
     4     11
     3     10
     7      4
     6     12
     6     11
     8     12
     6      3
     3      4
     8      3
     1      9
     3      1
     6      8
     3     11
     1     11
     8      9
     1      9
     5     11
     7      1
     8      7
     3     10
     8      2
     3      8
     3      7
     4      8
     7      2
     7     12
     2      1
     8      3
     1      1
     7     12
     4      3
     4      8
     5     11
     6      5
     8      8
     1      4
     3     10
     7     12
     3     12
     7     10
     4      5
     2      3
     7      7
     8     11
     5     10
     7      4
     4      5
     3      2
     3      3
     3      8
     4     11
     1      8
     7      8
     5      6
     5      8
     8      4
     8      8
     2      7
     2      6
     2      9
     6      7
     5      1
     2      5
     4     11
     3     11
     1      3
     2      9
     7     11
     4     10
     4      5
     2     11
     3      7
     6     12
     5     11
     6      2
     4     10
     4     10
     3      1
     4      2
     6      5
     1     11
     1      1
     7      7
     8      3
     8     10
     7      4
     6      7
     5      9
     2      5
     3      7
     6     11
     7      9
     6      7
     6      9
     2      4
     6      4
     1      3
     4     12
     2      4

/BENG06
40
40
     6      8
     4     11
     3     10
     7      4
     6     12
     6     11
     8     12
     6      3
     3      4
     8      3
     1      9
     3      1
     6      8
     3     11
     1     11
     8      9
     1      9
     5     11
     7      1
     8      7
     3     10
     8      2
     3      8
     3      7
     4      8
     7      2
     7     12
     2      1
     8      3
     1      1
     7     12
     4      3
     4      8
     5     11
     6      5
     8      8
     1      4
     3     10
     7     12
     3     12

/BENG07
80
40
     6      8
     4     11
     3     10
     7      4
     6     12
     6     11
     8     12
     6      3
     3      4
     8      3
     1      9
     3      1
     6      8
     3     11
     1     11
     8      9
     1      9
     5     11
     7      1
     8      7
     3     10
     8      2
     3      8
     3      7
     4      8
     7      2
     7     12
     2      1
     8      3
     1      1
     7     12
     4      3
     4      8
     5     11
     6      5
     8      8
     1      4
     3     10
     7     12
     3     12
     7     10
     4      5
     2      3
     7      7
     8     11
     5     10
     7      4
     4      5
     3      2
     3      3
     3      8
     4     11
     1      8
     7      8
     5      6
     5      8
     8      4
     8      8
     2      7
     2      6
     2      9
     6      7
     5      1
     2      5
     4     11
     3     11
     1      3
     2      9
     7     11
     4     10
     4      5
     2     11
     3      7
     6     12
     5     11
     6      2
     4     10
     4     10
     3      1
     4      2

/BENG08
120
40
     6      8
     4     11
     3     10
     7      4
     6     12
     6     11
     8     12
     6      3
     3      4
     8      3
     1      9
     3      1
     6      8
     3     11
     1     11
     8      9
     1      9
     5     11
     7      1
     8      7
     3     10
     8      2
     3      8
     3      7
     4      8
     7      2
     7     12
     2      1
     8      3
     1      1
     7     12
     4      3
     4      8
     5     11
     6      5
     8      8
     1      4
     3     10
     7     12
     3     12
     7     10
     4      5
     2      3
     7      7
     8     11
     5     10
     7      4
     4      5
     3      2
     3      3
     3      8
     4     11
     1      8
     7      8
     5      6
     5      8
     8      4
     8      8
     2      7
     2      6
     2      9
     6      7
     5      1
     2      5
     4     11
     3     11
     1      3
     2      9
     7     11
     4     10
     4      5
     2     11
     3      7
     6     12
     5     11
     6      2
     4     10
     4     10
     3      1
     4      2
     6      5
     1     11
     1      1
     7      7
     8      3
     8     10
     7      4
     6      7
     5      9
     2      5
     3      7
     6     11
     7      9
     6      7
     6      9
     2      4
     6      4
     1      3
     4     12
     2      4
     5      9
     7      6
     1      2
     5      6
     4     11
     2      4
     6      8
     6      1
     5      5
     5      5
     5     10
     8     11
     6      2
     5      1
     3      6
     5     11
     6      9
     4      8
     7     12
     3      8

/BENG09
160
40
     6      8
     4     11
     3     10
     7      4
     6     12
     6     11
     8     12
     6      3
     3      4
     8      3
     1      9
     3      1
     6      8
     3     11
     1     11
     8      9
     1      9
     5     11
     7      1
     8      7
     3     10
     8      2
     3      8
     3      7
     4      8
     7      2
     7     12
     2      1
     8      3
     1      1
     7     12
     4      3
     4      8
     5     11
     6      5
     8      8
     1      4
     3     10
     7     12
     3     12
     7     10
     4      5
     2      3
     7      7
     8     11
     5     10
     7      4
     4      5
     3      2
     3      3
     3      8
     4     11
     1      8
     7      8
     5      6
     5      8
     8      4
     8      8
     2      7
     2      6
     2      9
     6      7
     5      1
     2      5
     4     11
     3     11
     1      3
     2      9
     7     11
     4     10
     4      5
     2     11
     3      7
     6     12
     5     11
     6      2
     4     10
     4     10
     3      1
     4      2
     6      5
     1     11
     1      1
     7      7
     8      3
     8     10
     7      4
     6      7
     5      9
     2      5
     3      7
     6     11
     7      9
     6      7
     6      9
     2      4
     6      4
     1      3
     4     12
     2      4
     5      9
     7      6
     1      2
     5      6
     4     11
     2      4
     6      8
     6      1
     5      5
     5      5
     5     10
     8     11
     6      2
     5      1
     3      6
     5     11
     6      9
     4      8
     7     12
     3      8
     4     11
     1      8
     5     10
     8     11
     6      1
     6     12
     8      1
     4      6
     8      1
     4      2
     6      1
     5      1
     1      6
     1      2
     5      9
     8     10
     1     10
     4      1
     8      7
     4      5
     3     11
     7      4
     5      1
     3      1
     5      9
     1      1
     7      7
     1      3
     4      7
     8      3
     2      5
     3     11
     1     12
     7     10
     3      2
     1      8
     6      1
     6      8
     5      2
     1      9

/BENG10
200
40
     6      8
     4     11
     3     10
     7      4
     6     12
     6     11
     8     12
     6      3
     3      4
     8      3
     1      9
     3      1
     6      8
     3     11
     1     11
     8      9
     1      9
     5     11
     7      1
     8      7
     3     10
     8      2
     3      8
     3      7
     4      8
     7      2
     7     12
     2      1
     8      3
     1      1
     7     12
     4      3
     4      8
     5     11
     6      5
     8      8
     1      4
     3     10
     7     12
     3     12
     7     10
     4      5
     2      3
     7      7
     8     11
     5     10
     7      4
     4      5
     3      2
     3      3
     3      8
     4     11
     1      8
     7      8
     5      6
     5      8
     8      4
     8      8
     2      7
     2      6
     2      9
     6      7
     5      1
     2      5
     4     11
     3     11
     1      3
     2      9
     7     11
     4     10
     4      5
     2     11
     3      7
     6     12
     5     11
     6      2
     4     10
     4     10
     3      1
     4      2
     6      5
     1     11
     1      1
     7      7
     8      3
     8     10
     7      4
     6      7
     5      9
     2      5
     3      7
     6     11
     7      9
     6      7
     6      9
     2      4
     6      4
     1      3
     4     12
     2      4
     5      9
     7      6
     1      2
     5      6
     4     11
     2      4
     6      8
     6      1
     5      5
     5      5
     5     10
     8     11
     6      2
     5      1
     3      6
     5     11
     6      9
     4      8
     7     12
     3      8
     4     11
     1      8
     5     10
     8     11
     6      1
     6     12
     8      1
     4      6
     8      1
     4      2
     6      1
     5      1
     1      6
     1      2
     5      9
     8     10
     1     10
     4      1
     8      7
     4      5
     3     11
     7      4
     5      1
     3      1
     5      9
     1      1
     7      7
     1      3
     4      7
     8      3
     2      5
     3     11
     1     12
     7     10
     3      2
     1      8
     6      1
     6      8
     5      2
     1      9
     3      8
     5      5
     4      3
     6      3
     3      4
     8      3
     2      8
     1      8
     4      3
     5      3
     8      6
     6     10
     3      2
     3      6
     7      7
     8      7
     3      9
     4     12
     1      9
     3     12
     5      8
     2     11
     3      3
     1      1
     7      4
     5      4
     8     11
     6      2
     4      2
     8      8
     2      7
     1      7
     8     10
     8     12
     6      6
     1      1
     5      5
     5     10
     7     11
     4      2

/CGCUT01
16
10
     4      8
     4      8
     7      3
     2      8
     2      8
     2      8
     4      3
     4      3
     4      3
     4      3
     4      3
     3      3
     3      3
     2      3
     2      3
     1      2

/CGCUT02
23
70
    22     21
    13     31
    35      9
    35      9
    35      9
    24      9
    24      9
    24      9
     7     30
     7     30
    13     11
    13     11
    13     11
    14     10
     8     14
     8     14
     8     14
     8     12
     8     12
     8     12
     7     13
     7     13
     7     13

/CGCUT03
62
70
    43     31
    43     31
    43     31
    43     31
    41     30
    41     30
    39     29
    39     29
    39     29
    39     29
    38     28
    38     28
    38     28
    38     28
    37     27
    37     27
    37     27
    36     26
    36     26
    36     26
    36     26
    35     25
    35     25
    35     25
    34     24
    34     24
    34     24
    34     24
    23     33
    23     33
    23     33
    23     33
    32     22
    32     22
    32     22
    21     31
    21     31
    21     31
    18     29
    18     29
    18     29
    27     17
    27     17
    24     15
    24     15
    25     16
    25     16
    25     16
    25     16
    24     15
    14     23
    14     23
    14     23
    14     23
    12     21
    12     21
    12     21
    11     19
    11     19
    11     19
    11     19
    17      9

/GCUT01
10
250
   184    167
   118    114
   152    167
   140     83
    86     70
   166    143
   160    120
   148     66
   141     87
   165     69

/GCUT02
20
250
   133    120
   186    135
    75     86
    73    103
    85     66
    97    135
   175     91
   176    131
   176     71
    72    153
   148     87
   107    168
    90    118
   109    140
   159    132
    93    152
    68    135
   158    121
    94     68
    76    155

/GCUT03
30
250
    80     66
   107    164
   184     64
    86    121
   135    163
    98     85
   102     81
   186    103
   106    152
   139    176
   118    111
   169     69
   133    146
   112    112
   160    133
   129     63
   152    163
   155    110
   136     96
   142     92
   143     84
   133    119
    71     71
    84    146
    86     93
    86     89
   146    101
    73    172
   169     73
    99     99

/GCUT04
50
250
   103    139
    99    166
    74     88
   139    174
   109    128
   179    175
    82     62
    87    178
    77    121
    97    125
    84     73
    97     69
   159    122
    69     66
   118    111
    86    165
    83     71
   162    163
   132     67
   152    121
   150     68
   124    138
   105    141
   122    183
    63    171
    64    101
    95    103
   107    110
   158    184
    97     85
    92     86
   155    127
   147     92
    97    106
   108    177
   150    164
    84     68
   151     62
   134    123
   178    158
   140     70
   117    173
   136    147
   145    141
   164     84
   141    144
   103     92
    98    156
   111    160
   131    127

/HT01
16
20
     2     12
     7     12
     8      6
     3      6
     3      5
     5      5
     3     12
     3      7
     5      7
     2      6
     3      2
     4      2
     3      4
     4      4
     9      2
    11      2

/HT02
17
20
     4      1
     4      5
     9      4
     3      5
     3      9
     1      4
     5      3
     4      1
     5      5
     7      2
     9      3
     3     13
     2      8
    15      4
     5      4
    10      6
     7      2

/HT03
16
20
     4     14
     5      2
     2      2
     9      7
     5      5
     2      5
     7      7
     3      5
     6      5
     3      2
     6      2
     4      6
     6      3
    10      3
     6      3
    10      3

/HT04
25
40
    11      3
    13      3
     9      2
     7      2
     9      3
     7      3
    11      2
    13      2
    11      4
    13      4
     3      5
    11      2
     2      2
    11      3
     2      3
     5      4
     6      4
    12      2
     1      2
     3      5
    13      5
    12      4
     1      4
     5      2
     6      2

/HT05
25
40
    11      2
     2      3
    10      7
     8      4
     9      5
     7      2
     4      1
     6      1
     4      5
     8      3
     1      3
     5      5
     3      1
    12      4
     6      2
     2      4
    11      4
    10      2
     3      2
    11      2
     3      4
    26      4
     8      4
     3      2
     6      2

/HT06
25
40
    12      7
     7      7
     7      1
     5      1
     3      2
     6      2
     7      2
     5      2
     3      1
     6      1
    12      6
     9      6
    12      2
     7      2
    10      3
     4      1
     5      1
    16      3
     5      3
     4      2
     5      2
    10      3
     9      3
    16      3
     5      3

/HT07
28
60
     7      5
    14      5
    14      8
     4      8
    21     13
     7     11
    14     11
    14      5
     4      5
    18      3
    21      3
    17     11
     4     11
     7      4
     5      4
     6      7
    18      5
     3      5
     7      3
     5      3
    18      4
     3      4
    12      2
     6      2
    18      5
    21      5
    17      3
     4      3

/HT08
29
60
    18      6
    12      2
     7     10
    23      4
     1      4
     7      7
     4     11
     5      6
     7      2
    11      6
    19     10
     5     11
     2      4
     5      7
     2      4
    12      7
    13      7
     6      3
    10      6
    16      9
     4      1
    10      4
    24      6
     9      9
     1      2
     5      8
     5      3
    25      7
    21      5

/HT09
28
60
    24      9
     8      9
    11      9
    17      9
    24      4
     8      4
     6      1
     5      1
    17      4
     6      3
     5      3
     5     12
    13     12
    14     14
    14      2
     2      2
     3      8
     9      8
    14     12
     2     12
     3      6
     9      6
     5      2
    13      2
    18      3
    14      3
    16      3
    12      3

/NGCUT01
10
10
     7      3
     7      3
     2      8
     2      8
     2     10
     4      5
     4      5
     4      5
     9      2
     9      2

/NGCUT02
17
10
    10      1
    10      1
    10      1
     3      5
     3      5
     3      9
     3      9
     3      9
     1      6
     1      6
     1      6
     8      3
     8      3
     8      3
     1      4
     3      7
     3      7

/NGCUT03
21
10
     2      3
     2      3
     2      7
     2      7
     2      7
     5      4
     5      4
     1      4
     1      4
    10      1
     4      8
     2      4
     2      4
     7      3
     7      3
     7      3
     2      6
     2      6
     2      6
     1      9
     1      9

/NGCUT04
7
10
     2     15
     2     15
     3      7
     1      9
     3      8
     2     12
     2     12

/NGCUT05
14
10
     3     10
     3     10
     3      9
     2     12
     2     12
     2     12
     3     11
     3     12
     3     12
     3     12
     1     11
     1     11
     1     11
    10      2

/NGCUT06
15
10
     9      2
     2     10
     2     10
     2     10
     4      2
     8      2
     8      2
     8      3
     1      4
     4      6
     4      6
     4      6
     3     10
     2     11
     5      4

/NGCUT07
8
20
     9      1
     9      1
     9      1
     3     16
     3     18
     2     20
     1      3
     1      3

/NGCUT08
13
20
     3     15
     6      6
     6      6
     6      6
     1     13
     1     13
     7      8
     7      8
     5     18
     5     18
     5     18
     4     12
     3      8

/NGCUT09
18
20
     2     14
     5      1
     4     20
     4     20
     3     12
     3     12
     3     12
     8     11
     8     11
     6     11
     6     11
     9      7
     5     17
    14      7
    14      7
     7      1
     7      1
     7      1

/NGCUT10
13
30
    30      1
    30      1
    30      1
     7     25
     9     27
     9     27
     9     27
     2     30
     2     30
     2     30
     7     26
     7     26
     7     26

/NGCUT11
15
30
    23      3
    23      3
    23      3
     5     29
     2     21
     2     21
     2     21
    11     17
    11     17
    11     17
     7     14
     7     14
     5      8
     5      8
     8     21

/NGCUT12
22
30
     6     16
     1     24
     1     24
     1     24
    28      6
    28      6
    28      6
    23      8
    23      8
    23      8
     1      5
     1      5
     1      5
    26      6
    26      6
    30      2
    30      2
    11      9
    11      9
    11      9
    30      4
    13     16
