
Mon Oct 10 14:01:05 2005
 inst  m   W   SVC: UB  tm it:all best Tm:1dh 1dv cg  LBh  LBv
1 196 160 242 54.76 10000 4860 0 0 -2.14748e+07 0 0 
2 197 160 243 46.05 10000 791 0 0 0 0 0 
3 196 160 243 50.31 10000 446 0 0 0 0 0 

Mon Oct 10 14:09:44 2005
 inst  m   W   SVC: UB  tm it:all best Tm:1dh 1dv cg  LBh  LBv
1 16 20 20 8.67 100000 113 0 0 -2.14748e+07 0 0 
2 17 20 21 11.09 100000 22 0 0 0 0 0 
3 16 20 20 8.79 100000 5 0 0 0 0 0 
4 25 40 15 16.61 100000 122 0 0 0.57 0 0 
5 25 40 15 16.62 100000 122 0 0 0 0 0 
6 25 40 15 13.95 100000 136 0 0 0 0 0 
7 196 160 242 555.93 100000 4860 0 0 0.03 0 0 
8 197 160 242 465.75 100000 24437 0 0 0.02 0 0 
9 196 160 242 506.04 100000 87338 0 0 0.02 0 0 

Mon Oct 10 14:44:09 2005
 inst  m   W   SVC: UB  tm it:all best Tm:1dh 1dv cg  LBh  LBv
1 16 20 20 8.69 100000 113 0 0 -2.14748e+07 0 0 
2 17 20 21 11.13 100000 22 0 0 0 0 0 
3 16 20 20 8.83 100000 5 0 0 0 0 0 
4 25 40 15 16.98 100000 122 0 0 0.56 0 0 
5 25 40 15 16.67 100000 122 0 0 0 0 0 
6 25 40 15 13.88 100000 136 0 0 0 0 0 
7 28 60 30 24.25 100000 61337 0 0 0.9 0 0 
8 29 60 31 23.81 100000 29 0 0 0 0 0 
9 28 60 30 20.67 100000 2989 0 0 0 0 0 
10 49 60 61 53.87 100000 240 0 0 0.2 0 0 
11 49 60 61 52.13 100000 874 0 0 0.12 0 0 
12 49 60 61 50.22 100000 245 0 0 0 0 0 
13 73 60 91 99.7 100000 199 0 0 0.1 0 0 
14 73 60 91 93.5 100000 427 0 0 0.05 0 0 
15 73 60 91 101.7 100000 313 0 0 0 0 0 
16 97 80 121 164.62 100000 6465 0 0 0.1 0 0 
17 97 80 121 145.72 100000 60846 0 0 0.07 0 0 
18 97 80 121 158.65 100000 6514 0 0 0 0 0 
19 196 160 242 564.63 100000 4860 0 0 0.03 0 0 
20 197 160 242 472.11 100000 24437 0 0 0.02 0 0 
21 196 160 242 509.18 100000 87338 0 0 0.02 0 0 

Mon Oct 10 18:33:42 2005
 inst  m   W   SVC: UB  tm it:all best Tm:1dh 1dv cg  LBh  LBv
1 16 20 20 0.57 10000 7 0 0 -2.14748e+07 0 0 
2 17 20 21 0.77 10000 33 0 0 4.28 0 0 
3 16 20 20 0.68 10000 45 0 0 2.63 0 0 
4 25 40 15 0.9 10000 55 0 0 0 0 0 
5 25 40 15 0.91 10000 55 0 0 0 0 0 
6 25 40 15 0.98 10000 13 0 0 0 0 0 
7 28 60 31 1.39 10000 63 0 0 0 0 0 
8 29 60 31 1.54 10000 304 0 0 2.28 0 0 
9 28 60 31 1.4 10000 118 0 0 0 0 0 
10 49 60 61 3.31 10000 8714 0 0 2.71 0 0 
11 49 60 62 3.31 10000 109 0 0 2.83 0 0 
12 49 60 61 3.13 10000 147 0 0 1.17 0 0 
13 73 60 91 5.8 10000 1095 0 0 1.16 0 0 
14 73 60 92 5.69 10000 16 0 0 0 0 0 
15 73 60 91 6.13 10000 1930 0 0 1.03 0 0 
16 97 80 122 9.32 10000 100 0 0 0 0 0 
17 97 80 122 8.16 10000 952 0 0 0 0 0 
18 97 80 122 9.21 10000 1433 0 0 0 0 0 
19 196 160 244 29.28 10000 346 0 0 0 0 0 
20 197 160 244 26.63 10000 179 0 0 0 0 0 
21 196 160 244 28.03 10000 1206 0 0 0.5 0 0 

Tue Oct 11 12:47:39 2005
 inst  m   W   SVC: UB  tm it:all best Tm:1dh 1dv cg  LBh  LBv
1 16 20 20 0.41 10000 796 0 0 -2.14748e+07 0 0 
2 17 20 21 0.43 10000 236 0 0 0 0 0 
3 16 20 20 0.41 10000 31 0 0 0 0 0 
4 25 40 15 0.55 10000 47 0 0 0 0 0 
5 25 40 15 0.55 10000 47 0 0 0 0 0 
6 25 40 16 0.5 10000 2 0 0 0 0 0 
7 28 60 31 0.74 10000 201 0 0 0 0 0 
8 29 60 31 0.82 10000 1707 0 0 7.13 0 0 
9 28 60 31 0.76 10000 99 0 0 0 0 0 
10 49 60 62 1.71 10000 67 0 0 0 0 0 
11 49 60 62 1.71 10000 168 0 0 5.99 0 0 
12 49 60 62 1.58 10000 107 0 0 0 0 0 
13 73 60 92 2.69 10000 493 0 0 2 0 0 
14 73 60 92 2.57 10000 40 0 0 0 0 0 
15 73 60 92 2.71 10000 3002 0 0 2.83 0 0 
16 97 80 122 4.05 10000 8158 0 0 2.06 0 0 
17 97 80 122 3.84 10000 5511 0 0 0 0 0 
18 97 80 123 4.08 10000 808 0 0 0 0 0 
19 196 160 244 11.34 10000 1817 0 0 0 0 0 
20 197 160 244 11.13 10000 1358 0 0 0 0 0 
21 196 160 243 11.15 10000 8701 0 0 1.62 0 0 

Wed Oct 19 18:59:12 2005
 inst  m   W   SVC: UB  tm it:all best Tm:1dh 1dv cg  LBh  LBv

Wed Oct 19 19:06:10 2005
 inst  m   W   SVC: UB  tm it:all best Tm:1dh 1dv cg  LBh  LBv

Wed Oct 19 19:15:01 2005
 inst  m   W   SVC: UB  tm it:all best Tm:1dh 1dv cg  LBh  LBv
1 16 20 2.14748e+09 40.16 100000 127 5.92879e-323 2.2233e-322 9.03617e-313 0 0 
2 17 20 2.14748e+09 51.41 100000 127 5.92879e-323 2.2233e-322 9.03617e-313 0 0 
3 16 20 2.14748e+09 46.31 100000 127 5.92879e-323 2.2233e-322 9.03617e-313 0 0 

Wed Oct 19 19:19:54 2005
 inst  m   W   SVC: UB  tm it:all best Tm:1dh 1dv cg  LBh  LBv
1 16 20 20 40.82 100000 3 5.92879e-323 2.2233e-322 9.03617e-313 0 0 

Wed Oct 19 19:23:39 2005
 inst  m   W   SVC: UB  tm it:all best Tm:1dh 1dv cg  LBh  LBv
1 16 20 20 34.51 100000 8 5.92879e-323 2.2233e-322 9.03617e-313 0 0 

Thu Oct 20 13:05:10 2005
 inst  m   W   SVC: UB  tm it:all best Tm:1dh 1dv cg  LBh  LBv

Thu Oct 20 14:32:29 2005
 inst  m   W   SVC: UB  tm it:all best Tm:1dh 1dv cg  LBh  LBv
1 16 20 20 43.21 100000 1896 5.92879e-323 2.2233e-322 9.03617e-313 0 0 
2 17 20 21 51.59 100000 17643 5.92879e-323 2.2233e-322 9.03617e-313 0 0 
3 16 20 20 42.84 100000 427 5.92879e-323 2.2233e-322 9.03617e-313 0 0 
4 25 40 16 86.06 100000 1680 5.92879e-323 2.2233e-322 9.03617e-313 0 0 

Thu Oct 20 14:37:19 2005
 inst  m   W   SVC: UB  tm it:all best Tm:1dh 1dv cg  LBh  LBv
1 16 20 20 2.9 100000 1896 0 4.53634e-316 1.17709e-312 -1.07375e+09 0 
2 17 20 21 3.25 100000 17643 0 4.53634e-316 1.17709e-312 -1.07375e+09 0 
3 16 20 20 2.66 100000 427 0 4.53634e-316 1.17709e-312 -1.07375e+09 0 
4 25 40 16 4.17 100000 1680 0 4.53634e-316 1.17709e-312 -1.07375e+09 0 
5 25 40 16 4.18 100000 1680 0 4.53634e-316 1.17709e-312 -1.07375e+09 0 
6 25 40 15 3.73 100000 7359 0 4.53634e-316 1.17709e-312 -1.07375e+09 0 
7 28 60 31 5.85 100000 13442 0 4.53634e-316 1.17709e-312 -1.07375e+09 0 
8 29 60 32 7.67 100000 213 0 4.53634e-316 1.17709e-312 -1.07375e+09 0 
9 28 60 31 6.23 100000 20370 0 4.53634e-316 1.17709e-312 -1.07375e+09 0 
10 49 60 62 18.11 100000 70568 0 4.53634e-316 1.17709e-312 -1.07375e+09 0 
11 49 60 62 17.74 100000 847 0 4.53634e-316 1.17709e-312 -1.07375e+09 0 
12 49 60 61 14.59 100000 7568 0 4.53634e-316 1.17709e-312 -1.07375e+09 0 
13 73 60 92 30.95 100000 12600 0 4.53634e-316 1.17709e-312 -1.07375e+09 0 
14 73 60 93 27.06 100000 2732 0 4.53634e-316 1.17709e-312 -1.07375e+09 0 
15 73 60 92 33.27 100000 6308 0 4.53634e-316 1.17709e-312 -1.07375e+09 0 
16 97 80 124 59.81 100000 117 0 4.53634e-316 1.17709e-312 -1.07375e+09 0 
17 97 80 124 60.01 100000 11565 0 4.53634e-316 1.17709e-312 -1.07375e+09 0 
18 97 80 123 62.29 100000 76695 0 4.53634e-316 1.17709e-312 -1.07375e+09 0 
19 196 160 247 204.66 100000 60014 0 4.53634e-316 1.17709e-312 -1.07375e+09 0 
20 197 160 248 196.15 100000 75029 0 4.53634e-316 1.17709e-312 -1.07375e+09 0 
21 196 160 246 196.91 100000 45589 0 4.53634e-316 1.17709e-312 -1.07375e+09 0 

Tue Oct 25 14:25:27 2005
 inst  m   W   SVC: UB  tm it:all best Tm:1dh 1dv cg  LBh  LBv
1 16 20 20 6.53 100000 11 
2 17 20 21 8.66 100000 27 
3 16 20 20 6.56 100000 5 

Tue Oct 25 14:26:28 2005
 inst  m   W   SVC: UB  tm it:all best Tm:1dh 1dv cg  LBh  LBv
1 16 20 20 6.51 100000 11 
2 17 20 21 8.54 100000 27 
3 16 20 20 6.65 100000 5 
4 25 40 15 13.76 100000 181 
5 25 40 15 13.45 100000 181 
6 25 40 15 13.37 100000 1 
7 28 60 30 20.58 100000 10492 
8 29 60 31 19.94 100000 49 
9 28 60 30 17.51 100000 16052 
10 49 60 61 45.72 100000 551 
11 49 60 61 43.21 100000 3580 
12 49 60 61 43.46 100000 1416 
13 73 60 91 87.14 100000 272 
14 73 60 91 81.98 100000 1210 
15 73 60 91 91.14 100000 1003 
16 97 80 121 148.92 100000 1748 
17 97 80 121 128.5 100000 962 
18 97 80 121 142.07 100000 3153 
19 196 160 242 535.05 100000 3875 
20 197 160 242 440.1 100000 3084 
21 196 160 242 483.75 100000 7877 

Tue Oct 25 17:59:43 2005
 inst  m   W   SVC: UB  tm it:all best Tm:1dh 1dv cg  LBh  LBv
1 16 20 20 7.74 100000 11 
2 17 20 21 8.66 100000 27 
3 16 20 20 6.07 100000 5 
4 25 40 15 14.52 100000 181 
5 25 40 15 14.29 100000 181 
6 25 40 15 15.78 100000 1 
7 28 60 30 20.25 100000 13531 
8 29 60 31 20.33 100000 49 
9 28 60 30 15.97 100000 10331 
10 49 60 61 45.61 100000 551 
11 49 60 61 44.27 100000 3580 
12 49 60 61 43.69 100000 1416 
13 73 60 91 88.49 100000 272 
14 73 60 91 81.77 100000 1210 
15 73 60 91 96.03 100000 1003 
16 97 80 121 152.77 100000 1748 
17 97 80 121 128.77 100000 962 
18 97 80 121 144.93 100000 3153 
19 196 160 242 560.22 100000 3875 
20 197 160 242 448.09 100000 3084 
21 196 160 242 497.63 100000 7877 

Tue Oct 25 18:52:11 2005
 inst  m   W   SVC: UB  tm it:all best gap0%  tm_best
1 16 20 20 7.76 100000 11 0 0.0008536 
2 17 20 21 8.68 100000 27 5 0.0023436 
3 16 20 20 6.01 100000 5 0 0.0003005 
4 25 40 15 14.49 100000 181 0 0.0262269 
5 25 40 15 14.3 100000 181 0 0.025883 
6 25 40 15 15.44 100000 1 0 0.0001544 
7 28 60 30 20.06 100000 13531 0 2.71432 
8 29 60 31 20.23 100000 49 3.3 0.0099127 
9 28 60 30 15.77 100000 10331 0 1.6292 
10 49 60 61 45.31 100000 551 1.6 0.249658 
11 49 60 61 43.86 100000 3580 1.6 1.57019 
12 49 60 61 43.73 100000 1416 1.6 0.619217 
13 73 60 91 88.31 100000 272 1.1 0.240203 
14 73 60 91 81.53 100000 1210 1.1 0.986513 
15 73 60 91 95.35 100000 1003 1.1 0.95636 
16 97 80 121 151.46 100000 1748 0.8 2.64752 
17 97 80 121 127.48 100000 962 0.8 1.22636 
18 97 80 121 144.19 100000 3153 0.8 4.54631 
19 196 160 242 559.35 100000 3875 0.8 21.6748 
20 197 160 242 446.4 100000 3084 0.8 13.767 
21 196 160 242 496.33 100000 7877 0.8 39.0959 
15 73 60 91 205 32241 1.84 300 1.1 91 91 91 91 91 91 
16 97 80 122 327 18812 5.23 300 1.6 123 122 122 122 122 122 
17 97 80 122 639 19236 10.1 300 1.6 123 122 122 122 122 122 
18 97 80 122 193 18565 3.08 300 1.6 122 122 122 122 122 122 
19 196 160 243 1294 4706 82.4 300 1.2 246 244 243 243 243 243 
20 197 160 243 1355 4874 83.2 300 1.2 245 244 243 243 243 243 
21 196 160 243 627 4740 39.2 301 1.2 244 244 243 243 243 243 
19 196 160 242 9223 54472 51.6 300 0.8 244 243 242 242 242 242 
20 197 160 243 1355 59756 6.58 300 1.2 244 243 243 243 243 243 
21 196 160 243 627 57086 3.14 300 1.2 243 243 243 243 243 243 
19 196 160 243 1888 4605 121 300 1.2 245 245 243 243 243 243 
20 197 160 242 4677 4914 286 301 0.8 245 244 242 242 242 242 
21 196 160 243 728 4740 46.1 301 1.2 246 244 243 243 243 243 

Tue Nov  1 17:28:17 2005
inst  m   W   SVC: UB  it_best/all tm_best/all gap%  TmRow: 5 30 300 3600 36000 inf
19 196 160 242 6806 52970 37.9 300 0.8 243 243 242 242 242 242 
20 197 160 242 2979 58495 15.2 300 0.8 243 242 242 242 242 242 

Tue Nov  1 17:48:24 2005
inst  m   W   SVC: UB  it_best/all tm_best/all gap%  TmRow: 5 30 300 3600 36000 inf

Tue Nov  1 17:49:08 2005
inst  m   W   SVC: UB  it_best/all tm_best/all gap%  TmRow: 5 30 300 3600 36000 inf

Tue Nov  1 17:56:06 2005
inst  m   W   SVC: UB  it_best/all tm_best/all gap%  TmRow: 5 30 300 3600 36000 inf
1 16 20 20 3 4 0 0 0 20 20 20 20 20 20 

Tue Nov  1 17:57:55 2005
inst  m   W   SVC: UB  it_best/all tm_best/all gap%  TmRow: 5 30 300 3600 36000 inf

Tue Nov  1 18:26:56 2005
inst  m   W   SVC: UB  it_best/all tm_best/all gap%  TmRow: 5 30 300 3600 36000 inf

Tue Nov  1 18:53:49 2005
inst  m   W   SVC: UB  it_best/all tm_best/all gap%  TmRow: 5 30 300 3600 36000 inf
1 16 20 20 33 34 0 0 0 20 20 20 20 20 20 
2 17 20 21 4 3474014 0 330 5 21 21 21 21 21 21 
3 16 20 20 36 37 0 0 0 20 20 20 20 20 20 
4 25 40 15 223 224 0.04 0 0 15 15 15 15 15 15 
5 25 40 15 223 224 0.03 0 0 15 15 15 15 15 15 
6 25 40 15 7 8 0 0 0 15 15 15 15 15 15 
7 28 60 30 10224 10225 1.82 2 0 30 30 30 30 30 30 
8 29 60 31 164 1556322 0.03 330 3.3 31 31 31 31 31 31 
9 28 60 30 22348 22349 4.06 4 0 30 30 30 30 30 30 
10 49 60 61 64 772172 0.03 330 1.6 61 61 61 61 61 61 
11 49 60 61 252 795632 0.09 330 1.6 61 61 61 61 61 61 
12 49 60 61 36 819637 0.01 330 1.6 61 61 61 61 61 61 
13 73 60 91 298 450550 0.19 330 1.1 91 91 91 91 91 91 
14 73 60 91 419 468187 0.27 330 1.1 91 91 91 91 91 91 
15 73 60 91 740 438243 0.53 330 1.1 91 91 91 91 91 91 
16 97 80 121 1659 276658 1.87 330 0.8 121 121 121 121 121 121 
17 97 80 121 5926 305526 6.4 330 0.8 122 121 121 121 121 121 
18 97 80 121 3220 285546 3.73 330 0.8 121 121 121 121 121 121 
19 196 160 242 3371 83974 12.8 330 0.8 243 242 242 242 242 242 
20 197 160 242 3201 93649 11 330 0.8 243 242 242 242 242 242 
21 196 160 242 5134 88944 19 330 0.8 243 242 242 242 242 242 
