
Tue Oct 25 18:55:49 2005
 inst  m   W   SVC: UB  tm it:all best gap0%  tm_best
1 17 200 217 9.2 100000 916 8.5 0.084272 
2 17 200 221 9.81 100000 5 10.5 0.0004905 
3 17 200 211 11.35 100000 582 5.5 0.066057 
4 17 200 229 8.32 100000 6 14.5 0.0004992 
5 17 200 220 9.8 100000 3118 10 0.305564 
6 25 200 212 19.49 100000 63 6 0.0122787 
7 25 200 211 18.67 100000 517 5.5 0.0965239 
8 25 200 212 17.03 100000 10126 6 1.72446 
9 25 200 209 18.47 100000 92271 4.5 17.0425 
10 25 200 215 18.09 100000 34 7.5 0.0061506 
11 29 200 215 22.63 100000 7 7.5 0.0015841 
12 29 200 214 22.26 100000 60 7 0.013356 
13 29 200 213 21.17 100000 81 6.5 0.0171477 
14 29 200 209 24.56 100000 20707 4.5 5.08564 
15 29 200 212 21.96 100000 34 6 0.0074664 
16 49 200 208 52.47 100000 2231 4 1.17061 
17 49 200 209 48.99 100000 42679 4.5 20.9084 
18 49 200 208 50.55 100000 18083 4 9.14096 
19 49 200 209 47.24 100000 299 4.5 0.141248 
20 49 200 208 47.32 100000 2877 4 1.3614 
21 73 200 206 91.34 100000 2083 3 1.90261 
22 73 200 206 95.49 100000 21130 3 20.177 
23 73 200 205 89.86 100000 6744 2.5 6.06016 
24 73 200 206 99.24 100000 4941 3 4.90345 
25 73 200 207 94.13 100000 13095 3.5 12.3263 
26 97 200 204 143.32 100000 2325 2 3.33219 
27 97 200 205 150.89 100000 1341 2.5 2.02343 
28 97 200 204 145.61 100000 4808 2 7.00093 
29 97 200 206 146.47 100000 1044 3 1.52915 
30 97 200 205 145.48 100000 12811 2.5 18.6374 
31 197 200 201 496.4 100000 32995 0.5 163.787 
32 197 200 202 469.2 100000 6882 1 32.2903 
33 197 200 202 461.51 100000 4215 1 19.4526 
34 197 200 202 476.85 100000 5947 1 28.3583 
35 197 200 202 496.71 100000 16521 1 82.0615 

Wed Oct 26 11:23:08 2005
 inst  m   W   SVC: UB  tm it:all best gap%  tm_best
1 17 200 217 8.7 100000 16 8.5 0.0014 
2 17 200 214 9.3 100000 29 7.0 0.0027 
3 17 200 234 10 100000 7 17.0 0.00073 
4 17 200 216 8.4 100000 6 8.0 0.0005 
5 17 200 223 9.3 100000 1 11.5 9.3e-05 
6 25 200 221 14 100000 16 10.5 0.0023 

Wed Oct 26 11:25:14 2005
 inst  m   W   SVC: UB  tm it:all best gap%  tm_best
1 17 200 217 8 100000 3501 8.5 0.28 
2 17 200 214 8.9 100000 29 7.0 0.0026 
3 17 200 221 10 100000 7 10.5 0.00073 
4 17 200 234 8.6 100000 2 17.0 0.00017 
5 17 200 223 9.2 100000 1 11.5 9.2e-05 
6 25 200 215 15 100000 688 7.5 0.1 
7 25 200 212 16 100000 113 6.0 0.019 
8 25 200 223 16 100000 4 11.5 0.00062 

Wed Oct 26 11:28:20 2005
 inst  m   W   SVC: UB  tm it:all best gap%  tm_best
1 17 200 218 3.2 100000 2306 9 0.075 
2 17 200 216 3.3 100000 353 8 0.012 
3 17 200 211 3.5 100000 238 5.5 0.0083 
4 17 200 227 3.1 100000 77040 14 2.4 
5 17 200 211 3.3 100000 1710 5.5 0.057 
6 25 200 212 5.3 100000 297 6 0.016 
7 25 200 210 5.4 100000 16050 5 0.86 
8 25 200 209 5.2 100000 30105 4.5 1.6 
9 25 200 210 6 100000 3711 5 0.22 
10 25 200 207 5.3 100000 28330 3.5 1.5 
11 29 200 213 6.3 100000 36054 6.5 2.3 
12 29 200 211 6.8 100000 81579 5.5 5.6 
13 29 200 207 6.2 100000 28159 3.5 1.7 
14 29 200 211 6.6 100000 26514 5.5 1.8 
15 29 200 210 6.7 100000 1406 5 0.094 
16 49 200 209 12 100000 307 4.5 0.038 
17 49 200 209 13 100000 3232 4.5 0.43 
18 49 200 208 12 100000 15047 4 1.7 
19 49 200 208 13 100000 61961 4 7.9 
20 49 200 207 13 100000 2185 3.5 0.27 
21 73 200 206 20 100000 46293 3 9.4 
22 73 200 206 21 100000 16285 3 3.5 
23 73 200 207 23 100000 64309 3.5 14 
24 73 200 207 23 100000 24580 3.5 5.7 
25 73 200 207 22 100000 47397 3.5 10 
26 97 200 206 31 100000 1176 3 0.37 
27 97 200 206 30 100000 5410 3 1.6 
28 97 200 205 32 100000 11535 2.5 3.6 
29 97 200 207 31 100000 686 3.5 0.21 
30 97 200 205 30 100000 6354 2.5 1.9 
31 197 200 203 70 100000 9363 1.5 6.6 
32 197 200 203 71 100000 2311 1.5 1.6 
33 197 200 203 71 100000 63098 1.5 45 
34 197 200 204 78 100000 4719 2 3.7 
35 197 200 203 71 100000 3074 1.5 2.2 

Wed Oct 26 11:58:20 2005
 inst  m   W   SVC: UB  tm it:all best gap%  tm_best
1 17 200 200 8.7 100000 47 0 0.0041 
2 17 200 221 9.5 100000 5 10 0.00047 
3 17 200 211 12 100000 343 5.5 0.042 
4 17 200 229 8.5 100000 6 14 0.00051 
5 17 200 223 9.8 100000 1 12 9.8e-05 
6 25 200 213 18 100000 22 6.5 0.004 
7 25 200 210 18 100000 178 5 0.032 
8 25 200 219 16 100000 4705 9.5 0.77 
9 25 200 214 19 100000 374 7 0.07 
10 25 200 213 17 100000 30 6.5 0.0052 
11 29 200 215 22 100000 7 7.5 0.0015 
12 29 200 214 22 100000 309 7 0.069 
13 29 200 211 20 100000 25 5.5 0.0051 
14 29 200 209 22 100000 170 4.5 0.037 
15 29 200 213 20 100000 3 6.5 0.00061 
16 49 200 209 51 100000 3734 4.5 1.9 
17 49 200 209 47 100000 408 4.5 0.19 
18 49 200 209 49 100000 23314 4.5 11 
19 49 200 207 46 100000 5569 3.5 2.6 
20 49 200 209 47 100000 19173 4.5 9 
21 73 200 206 88 100000 17617 3 16 
22 73 200 206 91 100000 87844 3 80 
23 73 200 207 87 100000 372 3.5 0.32 
24 73 200 205 95 100000 2840 2.5 2.7 
25 73 200 206 89 100000 725 3 0.64 
26 97 200 204 1.3e+02 100000 1241 2 1.6 
27 97 200 205 1.4e+02 100000 1713 2.5 2.4 

Wed Oct 26 12:27:14 2005
 inst  m   W   SVC: UB  tm it:all best gap%  tm_best
1 17 200 218 9.5 100000 74685 9 7.1 
2 17 200 227 8.6 100000 18 14 0.0016 
3 17 200 211 9.3 100000 51 5.5 0.0047 
4 17 200 216 8.8 100000 51 8 0.0045 
5 17 200 219 9.9 100000 1 9.5 9.9e-05 
6 25 200 213 17 100000 518 6.5 0.088 
7 25 200 215 16 100000 8 7.5 0.0013 
8 25 200 214 16 100000 516 7 0.083 
9 25 200 213 17 100000 91 6.5 0.016 
10 25 200 213 17 100000 7 6.5 0.0012 
11 29 200 211 21 100000 114 5.5 0.024 
12 29 200 213 21 100000 397 6.5 0.083 
13 29 200 211 20 100000 265 5.5 0.053 
14 29 200 210 22 100000 212 5 0.047 
15 29 200 212 20 100000 58 6 0.012 

Wed Oct 26 12:34:58 2005
 inst  m   W   SVC: UB  tm it:all best gap%  tm_best
1 17 200 200 0.96 10000 5055 0 0.49 
2 17 200 219 0.92 10000 135 9.5 0.012 
3 17 200 200 0.96 10000 2 0 0.00019 
4 17 200 216 0.96 10000 265 8 0.025 
5 17 200 220 1 10000 1565 10 0.16 
6 25 200 214 1.9 10000 14 7 0.0026 
7 25 200 210 1.8 10000 5060 5 0.89 
8 25 200 214 1.7 10000 319 7 0.055 
9 25 200 213 1.9 10000 56 6.5 0.011 
10 25 200 210 1.9 10000 124 5 0.024 
11 29 200 213 2.3 10000 929 6.5 0.21 
12 29 200 211 2.2 10000 5016 5.5 1.1 
13 29 200 211 2 10000 1093 5.5 0.22 
14 29 200 210 2.5 10000 77 5 0.019 
15 29 200 210 2.2 10000 2645 5 0.57 
16 49 200 208 5.1 10000 1594 4 0.82 
17 49 200 209 4.9 10000 441 4.5 0.22 
18 49 200 207 5 10000 6653 3.5 3.3 
19 49 200 209 4.8 10000 3382 4.5 1.6 
20 49 200 208 4.8 10000 9579 4 4.6 
21 73 200 207 8.9 10000 544 3.5 0.49 
22 73 200 207 9.1 10000 66 3.5 0.06 
23 73 200 206 8.7 10000 1358 3 1.2 
24 73 200 206 9.7 10000 4752 3 4.6 
25 73 200 206 9 10000 8033 3 7.3 
26 97 200 204 14 10000 835 2 1.2 
27 97 200 204 14 10000 9579 2 14 
28 97 200 205 14 10000 1539 2.5 2.2 
29 97 200 206 15 10000 55 3 0.082 
30 97 200 206 14 10000 660 3 0.92 
31 197 200 202 47 10000 1361 1 6.4 
32 197 200 203 45 10000 302 1.5 1.4 
33 197 200 203 45 10000 477 1.5 2.1 

Wed Oct 26 12:42:01 2005
 inst  m   W   SVC: UB  tm it:all best gap%  tm_best
1 17 200 217 0.97 10000 1038 8.5 0.1 
2 17 200 200 0.94 10000 257 0 0.024 
3 17 200 200 0.85 10000 2 0 0.00017 
4 17 200 216 0.9 10000 847 8 0.076 
5 17 200 220 0.99 10000 5005 10 0.5 
6 25 200 212 1.9 10000 784 6 0.15 
7 25 200 210 1.8 10000 1429 5 0.25 
8 25 200 212 1.7 10000 107 6 0.018 
9 25 200 215 1.9 10000 20 7.5 0.0038 
10 25 200 212 1.9 10000 1995 6 0.38 
11 29 200 214 2.2 10000 7184 7 1.6 
12 29 200 214 2.2 10000 202 7 0.045 
13 29 200 211 2 10000 1455 5.5 0.3 
14 29 200 209 2.4 10000 402 4.5 0.098 
15 29 200 209 2.2 10000 5220 4.5 1.1 
16 49 200 207 5.2 10000 3846 3.5 2 
17 49 200 208 4.9 10000 1097 4 0.53 
18 49 200 208 5 10000 497 4 0.25 
19 49 200 208 4.6 10000 9004 4 4.2 
20 49 200 208 4.8 10000 6947 4 3.3 
21 73 200 207 8.9 10000 1456 3.5 1.3 
22 73 200 206 9.1 10000 8944 3 8.2 
23 73 200 205 8.6 10000 7482 2.5 6.4 
24 73 200 206 9.6 10000 2711 3 2.6 
25 73 200 206 8.9 10000 5949 3 5.3 
26 97 200 204 14 10000 7882 2 11 
27 97 200 204 14 10000 3000 2 4.3 
28 97 200 204 14 10000 7103 2 10 
29 97 200 207 15 10000 79 3.5 0.12 
30 97 200 206 14 10000 1573 3 2.2 
31 197 200 202 47 10000 4317 1 20 
32 197 200 202 45 10000 1240 1 5.6 
33 197 200 203 45 10000 690 1.5 3.1 
34 197 200 203 45 10000 398 1.5 1.8 
35 197 200 203 46 10000 783 1.5 3.6 

Wed Oct 26 12:59:47 2005
 inst  m   W   SVC: UB  tm it:all best gap%  tm_best
1 17 200 215 9.7 100000 42889 7.5 4.2 
2 17 200 200 9.6 100000 304 0 0.029 
3 17 200 200 10 100000 2 0 0.00021 
4 17 200 200 10 100000 40315 0 4 
5 17 200 216 10 100000 35010 8 3.6 
6 25 200 211 19 100000 40021 5.5 7.7 
7 25 200 210 18 100000 3058 5 0.54 
8 25 200 210 18 100000 92768 5 16 
9 25 200 210 19 100000 10200 5 2 
10 25 200 208 19 100000 10197 4 1.9 
11 29 200 212 22 100000 20005 6 4.4 
12 29 200 209 22 100000 40114 4.5 8.9 
13 29 200 206 21 100000 6841 3 1.4 
14 29 200 209 24 100000 613 4.5 0.15 
15 29 200 208 21 100000 2865 4 0.61 
16 49 200 207 51 100000 65040 3.5 33 
17 49 200 207 49 100000 49411 3.5 24 
18 49 200 206 49 100000 30976 3 15 
19 49 200 207 47 100000 40298 3.5 19 
20 49 200 207 49 100000 56654 3.5 28 
21 73 200 205 90 100000 28965 2.5 26 
22 73 200 204 93 100000 83594 2 77 
23 73 200 205 89 100000 53565 2.5 48 
24 73 200 206 98 100000 1607 3 1.6 
25 73 200 206 90 100000 1311 3 1.2 
26 97 200 204 1.4e+02 100000 9240 2 13 
27 97 200 204 1.4e+02 100000 4340 2 6.2 
28 97 200 204 1.4e+02 100000 747 2 1.1 
29 97 200 205 1.5e+02 100000 73567 2.5 1.1e+02 
30 97 200 205 1.4e+02 100000 1686 2.5 2.3 
31 197 200 202 4.7e+02 100000 1648 1 7.8 
32 197 200 202 4.5e+02 100000 8676 1 39 
33 197 200 202 4.4e+02 100000 59552 1 2.6e+02 
34 197 200 202 4.5e+02 100000 74362 1 3.4e+02 
35 197 200 202 4.6e+02 100000 68264 1 3.1e+02 

Wed Oct 26 16:02:01 2005
 inst  m   W   SVC: UB  tm it:all best gap%  tm_best
1 17 200 217 1 10000 1038 8.5 0.1 
2 17 200 200 0.95 10000 257 0 0.024 
3 17 200 200 0.86 10000 2 0 0.00017 
4 17 200 216 0.91 10000 847 8 0.077 
5 17 200 223 0.99 10000 1 12 9.9e-05 
6 25 200 212 1.9 10000 784 6 0.15 
7 25 200 210 1.7 10000 1429 5 0.25 
8 25 200 212 1.7 10000 107 6 0.018 
9 25 200 215 1.9 10000 20 7.5 0.0039 
10 25 200 212 1.9 10000 1995 6 0.38 
11 29 200 216 2.2 10000 4047 8 0.89 
12 29 200 214 2.2 10000 202 7 0.045 
13 29 200 211 2.1 10000 1455 5.5 0.31 
14 29 200 209 2.4 10000 402 4.5 0.097 
15 29 200 212 2.1 10000 313 6 0.065 
16 49 200 207 5.1 10000 3846 3.5 2 
17 49 200 208 4.9 10000 1097 4 0.53 
18 49 200 207 5 10000 6505 3.5 3.3 
19 49 200 209 4.8 10000 972 4.5 0.46 
20 49 200 210 4.9 10000 1025 5 0.51 
21 73 200 207 8.9 10000 1456 3.5 1.3 
22 73 200 207 9.4 10000 454 3.5 0.43 
23 73 200 206 8.9 10000 2037 3 1.8 
24 73 200 206 9.7 10000 2711 3 2.6 
25 73 200 206 9 10000 9858 3 8.9 
26 97 200 204 14 10000 7263 2 10 
27 97 200 204 15 10000 3000 2 4.4 
28 97 200 205 14 10000 5139 2.5 7.3 
29 97 200 207 15 10000 79 3.5 0.12 
30 97 200 205 14 10000 5259 2.5 7.5 
31 197 200 202 48 10000 4317 1 21 
32 197 200 202 46 10000 1240 1 5.7 
33 197 200 203 45 10000 690 1.5 3.1 
34 197 200 202 46 10000 8993 1 42 
35 197 200 203 47 10000 783 1.5 3.7 

Wed Oct 26 16:24:54 2005
 inst  m   W   SVC: UB  tm it:all best gap%  tm_best
1 17 200 217 0.95 10000 25 8.5 0.0024 
2 17 200 200 0.96 10000 139 0 0.013 
3 17 200 200 0.88 10000 2 0 0.00018 
4 17 200 228 0.89 10000 22 14 0.002 
5 17 200 220 0.99 10000 44 10 0.0044 
6 25 200 214 1.9 10000 379 7 0.074 
7 25 200 211 1.9 10000 127 5.5 0.024 
8 25 200 215 1.8 10000 1177 7.5 0.21 
9 25 200 208 1.9 10000 1018 4 0.19 
10 25 200 213 1.8 10000 22 6.5 0.0039 
11 29 200 214 2.3 10000 5144 7 1.2 
12 29 200 213 2.2 10000 6574 6.5 1.5 
13 29 200 211 2.2 10000 37 5.5 0.008 
14 29 200 209 2.5 10000 62 4.5 0.015 
15 29 200 211 2.2 10000 1414 5.5 0.31 
16 49 200 207 5.3 10000 5540 3.5 3 
17 49 200 209 5 10000 5178 4.5 2.6 
18 49 200 207 5 10000 1873 3.5 0.94 
19 49 200 207 4.8 10000 1909 3.5 0.91 
20 49 200 208 4.8 10000 7783 4 3.8 
21 73 200 206 9.1 10000 3044 3 2.8 
22 73 200 206 9.3 10000 232 3 0.22 
23 73 200 206 8.7 10000 7363 3 6.4 
24 73 200 206 9.9 10000 7740 3 7.6 
25 73 200 206 9.1 10000 400 3 0.37 
26 97 200 204 14 10000 2018 2 2.8 
27 97 200 204 14 10000 575 2 0.83 
28 97 200 205 14 10000 1038 2.5 1.5 
29 97 200 205 15 10000 6149 2.5 8.9 
30 97 200 206 14 10000 1007 3 1.4 
31 197 200 202 47 10000 3328 1 16 
32 197 200 202 45 10000 8365 1 38 
33 197 200 203 45 10000 1838 1.5 8.2 
34 197 200 203 46 10000 679 1.5 3.1 
35 197 200 202 47 10000 2688 1 13 

Thu Oct 27 11:15:38 2005
 inst  m   W   SVC: UB  tm it:all best gap%  tm_best
1 17 200 224 0.97 10000 88 12 0.0085 
2 17 200 218 0.94 10000 855 9 0.08 
3 17 200 215 0.96 10000 8740 7.5 0.84 
4 17 200 219 0.97 10000 896 9.5 0.087 
5 17 200 220 1 10000 924 10 0.093 
6 25 200 212 1.9 10000 354 6 0.067 
7 25 200 210 1.8 10000 3683 5 0.65 
8 25 200 213 1.7 10000 1482 6.5 0.25 
9 25 200 213 1.9 10000 704 6.5 0.13 
10 25 200 214 1.9 10000 2693 7 0.5 
11 29 200 217 2.2 10000 543 8.5 0.12 
12 29 200 212 2.2 10000 620 6 0.14 
13 29 200 211 2 10000 893 5.5 0.18 
14 29 200 212 2.4 10000 306 6 0.075 
15 29 200 209 2.1 10000 6372 4.5 1.4 
16 49 200 209 5 10000 661 4.5 0.33 
17 49 200 210 4.9 10000 1473 5 0.72 
18 49 200 206 4.9 10000 511 3 0.25 
19 49 200 210 4.8 10000 4288 5 2 
20 49 200 208 4.9 10000 4335 4 2.1 
21 73 200 207 8.7 10000 1368 3.5 1.2 
22 73 200 206 9.2 10000 2189 3 2 
23 73 200 207 8.7 10000 1219 3.5 1.1 
24 73 200 207 10 10000 405 3.5 0.4 
25 73 200 208 8.9 10000 657 4 0.58 
26 97 200 205 14 10000 7710 2.5 11 
27 97 200 205 14 10000 1355 2.5 1.9 
28 97 200 206 14 10000 1640 3 2.2 
29 97 200 206 15 10000 1159 3 1.7 
30 97 200 205 14 10000 9395 2.5 13 
31 197 200 202 48 10000 1983 1 9.6 
32 197 200 203 45 10000 1017 1.5 4.6 
33 197 200 203 44 10000 253 1.5 1.1 
34 197 200 203 45 10000 1943 1.5 8.8 
35 197 200 203 45 10000 2494 1.5 11 

Thu Oct 27 11:46:33 2005
 inst  m   W   SVC: UB  tm it:all best gap%  tm_best
1 17 200 220 0.98 10000 315 10 0.031 
2 17 200 218 0.98 10000 27 9 0.0026 
3 17 200 210 1 10000 800 5 0.081 
4 17 200 216 0.99 10000 222 8 0.022 
5 17 200 218 1 10000 463 9 0.049 
6 25 200 213 1.9 10000 95 6.5 0.018 
7 25 200 211 1.7 10000 309 5.5 0.052 
8 25 200 207 1.7 10000 883 3.5 0.15 
9 25 200 214 2 10000 326 7 0.064 
10 25 200 212 1.8 10000 96 6 0.018 
11 29 200 212 2.1 10000 7936 6 1.7 
12 29 200 212 2.2 10000 304 6 0.068 
13 29 200 211 2.1 10000 25 5.5 0.0052 
14 29 200 211 2.5 10000 872 5.5 0.22 
15 29 200 208 2.1 10000 844 4 0.18 
16 49 200 205 5.2 10000 4754 2.5 2.5 
17 49 200 208 4.9 10000 231 4 0.11 
18 49 200 206 5 10000 34 3 0.017 
19 49 200 208 4.8 10000 240 4 0.12 
20 49 200 208 4.9 10000 1064 4 0.52 
21 73 200 206 9.2 10000 1550 3 1.4 
22 73 200 206 9.5 10000 598 3 0.57 
23 73 200 205 9.1 10000 6544 2.5 6 
24 73 200 206 9.9 10000 2392 3 2.4 
25 73 200 206 9.2 10000 4881 3 4.5 
26 97 200 204 14 10000 3461 2 5 
27 97 200 204 14 10000 2463 2 3.5 
28 97 200 204 14 10000 2402 2 3.4 
29 97 200 205 15 10000 3510 2.5 5.3 
30 97 200 205 14 10000 3385 2.5 4.8 
31 197 200 202 49 10000 1718 1 8.4 
32 197 200 202 47 10000 2459 1 12 
33 197 200 202 47 10000 1839 1 8.6 
34 197 200 202 48 10000 1973 1 9.4 
35 197 200 202 49 10000 4118 1 20 

Thu Oct 27 12:26:32 2005
 inst  m   W   SVC: UB  tm it:all best gap%  tm_best
1 17 200 218 1 10000 511 9 0.052 
2 17 200 200 0.94 10000 1489 0 0.14 
3 17 200 200 0.86 10000 2 0 0.00017 
4 17 200 216 1 10000 841 8 0.086 
5 17 200 217 0.97 10000 3058 8.5 0.3 
6 25 200 213 1.9 10000 36 6.5 0.007 
7 25 200 210 1.8 10000 147 5 0.026 
8 25 200 212 1.8 10000 338 6 0.059 
9 25 200 212 1.9 10000 1306 6 0.25 
10 25 200 211 1.9 10000 894 5.5 0.17 
11 29 200 213 2.3 10000 751 6.5 0.17 
12 29 200 212 2.2 10000 2310 6 0.5 
13 29 200 210 2.1 10000 106 5 0.022 
14 29 200 210 2.5 10000 250 5 0.062 
15 29 200 210 2.1 10000 4644 5 0.97 
16 49 200 208 5.1 10000 642 4 0.33 
17 49 200 209 4.9 10000 7977 4.5 3.9 
18 49 200 208 5 10000 409 4 0.2 
19 49 200 209 4.7 10000 80 4.5 0.038 
20 49 200 208 4.9 10000 3233 4 1.6 
21 73 200 206 8.9 10000 2131 3 1.9 
22 73 200 205 9.3 10000 7733 2.5 7.2 
23 73 200 206 8.9 10000 2131 3 1.9 
24 73 200 206 9.9 10000 2028 3 2 
25 73 200 206 9 10000 5321 3 4.8 
26 97 200 205 14 10000 202 2.5 0.28 
27 97 200 204 14 10000 2172 2 3.1 
28 97 200 205 14 10000 2947 2.5 4.2 
29 97 200 206 15 10000 4713 3 7 
30 97 200 205 14 10000 4378 2.5 6.2 
31 197 200 202 48 10000 1838 1 8.7 
32 197 200 202 46 10000 8718 1 40 
33 197 200 202 45 10000 3600 1 16 
34 197 200 202 47 10000 8702 1 41 
35 197 200 202 47 10000 8576 1 40 

Thu Oct 27 12:49:31 2005
 inst  m   W   SVC: UB  tm it:all best gap%  tm_best

Thu Oct 27 12:51:08 2005
 inst  m   W   SVC: UB  tm it:all best gap%  tm_best

Thu Oct 27 12:52:25 2005
 inst  m   W   SVC: UB  it_best/all tm_best/all gap%

Thu Oct 27 12:53:09 2005
 inst  m   W   SVC: UB  it_best/all tm_best/all gap%

Thu Oct 27 12:56:10 2005
 inst  m   W   SVC: UB  it_best/all tm_best/all gap%

Thu Oct 27 12:57:00 2005
 inst  m   W   SVC: UB  it_best/all tm_best/all gap%

Thu Oct 27 12:59:42 2005
 inst  m   W   SVC: UB  it_best/all tm_best/all gap%
1 17 200 217 27 10000 0.00254 0.94 8.5 
2 17 200 200 1788 10000 0.166 0.93 0 
3 17 200 200 2 10000 0.000168 0.84 0 
4 17 200 216 902 10000 0.0911 1.01 8 
5 17 200 217 667 10000 0.068 1.02 8.5 
6 25 200 212 7314 10000 1.39 1.9 6 
7 25 200 210 304 10000 0.0514 1.69 5 
8 25 200 212 5484 10000 0.965 1.76 6 
9 25 200 210 330 10000 0.0637 1.93 5 
10 25 200 211 568 10000 0.106 1.86 5.5 
11 29 200 212 3057 10000 0.694 2.27 6 
12 29 200 212 853 10000 0.188 2.2 6 
13 29 200 210 12 10000 0.00252 2.1 5 
14 29 200 211 84 10000 0.0207 2.46 5.5 
15 29 200 210 7746 10000 1.62 2.09 5 
16 49 200 206 987 10000 0.514 5.21 3 
17 49 200 209 5424 10000 2.74 5.06 4.5 
18 49 200 208 265 10000 0.131 4.94 4 
19 49 200 209 307 10000 0.145 4.72 4.5 
20 49 200 208 377 10000 0.187 4.97 4 
21 73 200 206 4285 10000 3.86 9.01 3 
22 73 200 205 4235 10000 3.89 9.19 2.5 
23 73 200 206 8295 10000 7.49 9.03 3 
24 73 200 205 4907 10000 4.78 9.74 2.5 
25 73 200 206 4582 10000 4.2 9.17 3 
26 97 200 204 435 10000 0.612 14.1 2 
27 97 200 205 933 10000 1.36 14.6 2.5 
28 97 200 204 4961 10000 6.99 14.1 2 
29 97 200 205 5020 10000 7.4 14.8 2.5 
30 97 200 205 2287 10000 3.18 13.9 2.5 
31 197 200 202 5164 10000 24.4 47.2 1 
32 197 200 203 483 10000 2.2 45.6 1.5 
33 197 200 203 990 10000 4.45 45 1.5 
34 197 200 202 5964 10000 27.4 46 1 
35 197 200 203 1436 10000 6.69 46.6 1.5 

Thu Oct 27 13:09:38 2005
 inst  m   W   SVC: UB  it_best/all tm_best/all gap%
1 17 200 214 9 10000 0.000918 1.02 7 
2 17 200 200 205 10000 0.0195 0.95 0 
3 17 200 200 2 10000 0.000178 0.89 0 
4 17 200 216 2122 10000 0.216 1.02 8 
5 17 200 217 56 10000 0.00571 1.02 8.5 
6 25 200 213 262 10000 0.0511 1.95 6.5 
7 25 200 211 265 10000 0.0488 1.84 5.5 
8 25 200 214 258 10000 0.0451 1.75 7 
9 25 200 212 321 10000 0.062 1.93 6 
10 25 200 211 1116 10000 0.211 1.89 5.5 
11 29 200 213 265 10000 0.0583 2.2 6.5 
12 29 200 210 5595 10000 1.25 2.23 5 
13 29 200 211 356 10000 0.0726 2.04 5.5 
14 29 200 209 4816 10000 1.13 2.34 4.5 
15 29 200 209 217 10000 0.0462 2.13 4.5 
16 49 200 207 6351 10000 3.17 4.99 3.5 
17 49 200 209 2203 10000 1.08 4.91 4.5 
18 49 200 208 166 10000 0.0823 4.96 4 
19 49 200 209 5439 10000 2.57 4.72 4.5 
20 49 200 209 2265 10000 1.1 4.86 4.5 
21 73 200 205 6782 10000 5.95 8.78 2.5 
22 73 200 205 1731 10000 1.6 9.25 2.5 
23 73 200 206 1097 10000 0.981 8.94 3 
24 73 200 206 5935 10000 5.79 9.75 3 
25 73 200 207 5250 10000 4.75 9.04 3.5 
26 97 200 205 1537 10000 2.15 14 2.5 
27 97 200 204 8656 10000 12.6 14.6 2 
28 97 200 204 3554 10000 5.05 14.2 2 
29 97 200 206 433 10000 0.63 14.6 3 
30 97 200 206 45 10000 0.0627 13.9 3 
31 197 200 202 779 10000 3.7 47.5 1 
32 197 200 202 2282 10000 10.5 45.8 1 
33 197 200 202 9699 10000 43.5 44.8 1 
34 197 200 202 5760 10000 26.4 45.8 1 
35 197 200 203 1184 10000 5.57 47.1 1.5 

Thu Oct 27 13:31:20 2005
 inst  m   W   SVC: UB  it_best/all tm_best/all gap%
1 17 200 217 26 10000 0.00263 1.01 8.5 
2 17 200 219 523 10000 0.0497 0.95 9.5 
3 17 200 200 2 10000 0.000176 0.88 0 
4 17 200 216 10 10000 0.00104 1.04 8 
5 17 200 217 268 10000 0.0292 1.09 8.5 
6 25 200 212 1667 10000 0.325 1.95 6 
7 25 200 210 3534 10000 0.597 1.69 5 
8 25 200 212 801 10000 0.137 1.71 6 
9 25 200 212 726 10000 0.139 1.92 6 
10 25 200 211 429 10000 0.0794 1.85 5.5 
11 29 200 213 168 10000 0.0353 2.1 6.5 
12 29 200 211 386 10000 0.0838 2.17 5.5 
13 29 200 211 9 10000 0.00187 2.08 5.5 
14 29 200 210 88 10000 0.0216 2.45 5 
15 29 200 208 1641 10000 0.35 2.13 4 
16 49 200 208 1052 10000 0.524 4.98 4 
17 49 200 208 5611 10000 2.81 5 4 
18 49 200 207 52 10000 0.0253 4.87 3.5 
19 49 200 209 671 10000 0.311 4.64 4.5 
20 49 200 208 1078 10000 0.52 4.82 4 
21 73 200 205 2864 10000 2.56 8.94 2.5 
22 73 200 205 2755 10000 2.5 9.08 2.5 
23 73 200 206 6178 10000 5.49 8.88 3 
24 73 200 206 2202 10000 2.14 9.73 3 
25 73 200 207 3255 10000 2.92 8.98 3.5 
26 97 200 204 4033 10000 5.44 13.5 2 
27 97 200 204 5419 10000 7.81 14.4 2 
28 97 200 205 4255 10000 5.91 13.9 2.5 
29 97 200 205 1756 10000 2.57 14.6 2.5 
30 97 200 205 2490 10000 3.45 13.9 2.5 
31 197 200 202 3062 10000 14.1 45.9 1 
32 197 200 202 1549 10000 7 45.2 1 
33 197 200 203 1209 10000 5.41 44.8 1.5 
34 197 200 202 8104 10000 36.9 45.6 1 
35 197 200 203 1778 10000 8.28 46.6 1.5 

Thu Oct 27 13:51:22 2005
inst  m   W   SVC: UB  it_best/all tm_best/all TmRow: 5 30 300 3600 gap%
1 17 200 217 63 10000 0.00624 1 8.5 217 
2 17 200 200 732 10000 0.0703 1 0 200 
3 17 200 200 2 10000 0.000166 1 0 200 
4 17 200 215 21 10000 0.00212 1 7.5 215 
5 17 200 220 92 10000 0.00911 1 10 220 
6 25 200 213 97 10000 0.0183 2 6.5 213 
7 25 200 211 53 10000 0.00938 2 5.5 211 
8 25 200 214 187 10000 0.0316 2 7 214 
9 25 200 214 253 10000 0.0486 2 7 214 
10 25 200 211 6451 10000 1.19 2 5.5 211 
11 29 200 213 436 10000 0.0933 2 6.5 213 
12 29 200 212 348 10000 0.0766 2 6 212 
13 29 200 211 204 10000 0.041 2 5.5 211 
14 29 200 209 8114 10000 1.9 2 4.5 209 
15 29 200 210 2814 10000 0.577 2 5 210 
16 49 200 207 2359 10000 0.8 3 3.5 207 
17 49 200 226 1 10000 0 0 13 226 
18 49 200 238 1 10000 0 0 19 238 
19 49 200 225 1 10000 0 0 12 225 
20 49 200 231 1 10000 0 0 16 231 
21 73 200 232 1 10000 0 0 16 232 
22 73 200 224 1 10000 0 0 12 224 
23 73 200 217 1 10000 0 0 8.5 217 
24 73 200 221 1 10000 0 0 10 221 
25 73 200 231 1 10000 0 0 16 231 
26 97 200 237 1 10000 0 0 18 237 
27 97 200 228 1 10000 0 0 14 228 
28 97 200 227 1 10000 0 0 14 227 
29 97 200 221 1 10000 0 0 10 221 
30 97 200 226 1 10000 1e-06 0 13 226 
31 197 200 214 1 10000 0 0 7 214 
32 197 200 218 1 10000 0 0 9 218 
33 197 200 223 1 10000 1e-06 0 12 223 
34 197 200 210 1 10000 0 0 5 210 
35 197 200 219 1 10000 1e-06 0 9.5 219 

Thu Oct 27 14:27:57 2005
inst  m   W   SVC: UB  it_best/all tm_best/all TmRow: 5 30 300 3600 gap%
1 17 200 217 63 10000 0.00611 1 8.5 217 
2 17 200 200 732 10000 0.0695 1 0 200 
3 17 200 200 2 10000 0.000158 1 0 200 
4 17 200 215 21 10000 0.00202 1 7.5 215 
5 17 200 220 92 10000 0.00911 1 10 220 
6 25 200 213 97 10000 0.0188 2 6.5 213 
7 25 200 211 53 10000 0.00954 2 5.5 211 
8 25 200 214 187 10000 0.0324 2 7 214 
9 25 200 214 253 10000 0.0488 2 7 214 
10 25 200 211 6451 10000 1.21 2 5.5 211 
11 29 200 213 436 10000 0.0981 2 6.5 213 
12 29 200 212 348 10000 0.0766 2 6 212 
13 29 200 211 204 10000 0.0416 2 5.5 211 
14 29 200 209 8114 10000 1.93 2 4.5 209 
15 29 200 210 2814 10000 0.599 2 5 210 
16 49 200 207 2359 10000 1.2 5 3.5 207 
17 49 200 207 361 10000 0.172 5 3.5 207 
18 49 200 207 135 10000 0.0645 5 3.5 207 
19 49 200 209 250 10000 0.114 5 4.5 209 
20 49 200 208 2527 10000 1.22 5 4 208 
21 73 200 206 2091 10000 1.85 9 3 206 
22 73 200 206 34 10000 0.0308 9 3 206 
23 73 200 206 1767 10000 1.53 9 3 206 
24 73 200 206 5928 10000 5.79 10 3 207 206 
25 73 200 207 5943 10000 5.38 9 3.5 208 207 
26 97 200 204 8610 10000 11.8 14 2 205 204 
27 97 200 204 3323 10000 4.79 14 2 204 204 
28 97 200 205 505 10000 0.695 14 2.5 205 204 
29 97 200 206 2002 10000 2.85 14 3 206 204 
30 97 200 205 2169 10000 2.96 14 2.5 205 204 
31 197 200 202 2342 10000 10.8 46 1 203 202 
32 197 200 203 988 10000 4.39 44 1.5 203 202 
33 197 200 202 4217 10000 18.4 44 1 203 202 
34 197 200 202 8831 10000 39.7 45 1 204 203 202 
35 197 200 203 494 10000 2.25 45 1.5 203 203 202 

Thu Oct 27 14:45:41 2005
inst  m   W   SVC: UB  it_best/all tm_best/all gap%  TmRow: 5 30 300 3600 inf
1 17 200 218 511 10000 0.0496 1 9 218 218 218 218 218 218 
2 17 200 200 502 10000 0.0467 1 0 200 200 200 200 200 200 
3 17 200 200 2 10000 0.000162 1 0 200 200 200 200 200 200 
4 17 200 216 841 10000 0.0816 1 8 216 216 216 216 216 216 
5 17 200 217 2946 10000 0.3 1 8.5 217 217 217 217 217 217 
6 25 200 213 36 10000 0.00691 2 6.5 213 213 213 213 213 213 
7 25 200 210 147 10000 0.0253 2 5 210 210 210 210 210 210 
8 25 200 212 338 10000 0.0578 2 6 212 212 212 212 212 212 
9 25 200 212 1306 10000 0.253 2 6 212 212 212 212 212 212 
10 25 200 211 894 10000 0.163 2 5.5 211 211 211 211 211 211 
11 29 200 213 751 10000 0.167 2 6.5 213 213 213 213 213 213 
12 29 200 212 1277 10000 0.278 2 6 212 212 212 212 212 212 
13 29 200 210 106 10000 0.0216 2 5 210 210 210 210 210 210 
14 29 200 210 250 10000 0.06 2 5 210 210 210 210 210 210 
15 29 200 210 2647 10000 0.559 2 5 210 210 210 210 210 210 
16 49 200 208 642 10000 0.318 5 4 208 208 208 208 208 208 
17 49 200 209 7188 10000 3.44 5 4.5 209 209 209 209 209 209 
18 49 200 208 409 10000 0.201 5 4 208 208 208 208 208 208 
19 49 200 208 2946 10000 1.37 5 4 208 208 208 208 208 208 
20 49 200 208 987 10000 0.473 5 4 208 208 208 208 208 208 
21 73 200 206 3472 10000 3.04 9 3 206 206 206 206 206 206 
22 73 200 206 898 10000 0.814 9 3 206 206 206 206 206 206 
23 73 200 207 2776 10000 2.42 9 3.5 207 207 207 207 207 207 
24 73 200 206 3107 10000 2.95 10 3 206 206 206 206 206 206 
25 73 200 207 1038 10000 0.921 9 3.5 207 207 207 207 207 207 
26 97 200 205 202 10000 0.275 14 2.5 205 205 205 205 205 205 
27 97 200 204 2172 10000 3.06 14 2 204 204 204 204 204 204 
28 97 200 205 5565 10000 7.72 14 2.5 206 205 205 205 205 205 
29 97 200 206 1090 10000 1.56 14 3 206 206 206 206 206 206 
30 97 200 205 2916 10000 4.02 14 2.5 205 205 205 205 205 205 
31 197 200 202 3817 10000 17.7 46 1 203 202 202 202 202 202 
32 197 200 202 4852 10000 21.5 44 1 203 202 202 202 202 202 
33 197 200 203 930 10000 4.08 44 1.5 203 203 203 203 203 203 
34 197 200 202 8018 10000 35.6 44 1 203 202 202 202 202 203 
35 197 200 202 8664 10000 39.3 45 1 203 202 202 202 202 203 

Thu Oct 27 14:55:18 2005
inst  m   W   SVC: UB  it_best/all tm_best/all gap%  TmRow: 5 30 300 3600 inf
1 17 200 218 511 10000 0.0511 1 9 218 218 218 218 218 218 
2 17 200 200 502 10000 0.0467 1 0 200 200 200 200 200 200 
3 17 200 200 2 10000 0.000164 1 0 200 200 200 200 200 200 
4 17 200 216 841 10000 0.0824 1 8 216 216 216 216 216 216 
5 17 200 217 2946 10000 0.298 1 8.5 217 217 217 217 217 217 
6 25 200 213 36 10000 0.00688 2 6.5 213 213 213 213 213 213 
7 25 200 210 147 10000 0.0253 2 5 210 210 210 210 210 210 
8 25 200 212 338 10000 0.0575 2 6 212 212 212 212 212 212 
9 25 200 212 1306 10000 0.249 2 6 212 212 212 212 212 212 
10 25 200 211 894 10000 0.16 2 5.5 211 211 211 211 211 211 
11 29 200 213 751 10000 0.163 2 6.5 213 213 213 213 213 213 
12 29 200 212 1277 10000 0.28 2 6 212 212 212 212 212 212 
13 29 200 210 106 10000 0.0213 2 5 210 210 210 210 210 210 
14 29 200 210 250 10000 0.0585 2 5 210 210 210 210 210 210 
15 29 200 210 2647 10000 0.553 2 5 210 210 210 210 210 210 
16 49 200 208 642 10000 0.32 5 4 208 208 208 208 208 208 
17 49 200 209 7188 10000 3.48 5 4.5 209 209 209 209 209 209 
18 49 200 208 409 10000 0.196 5 4 208 208 208 208 208 208 
19 49 200 208 2946 10000 1.36 5 4 208 208 208 208 208 208 
20 49 200 208 987 10000 0.471 5 4 208 208 208 208 208 208 
21 73 200 206 3472 10000 3.03 9 3 206 206 206 206 206 206 
22 73 200 206 898 10000 0.814 9 3 206 206 206 206 206 206 
23 73 200 207 2776 10000 2.44 9 3.5 207 207 207 207 207 207 
24 73 200 206 3107 10000 3.01 10 3 206 206 206 206 206 206 
25 73 200 207 1038 10000 0.917 9 3.5 207 207 207 207 207 207 
26 97 200 205 202 10000 0.273 14 2.5 205 205 205 205 205 205 
27 97 200 204 2172 10000 3.08 14 2 204 204 204 204 204 204 
28 97 200 205 5565 10000 7.69 14 2.5 206 205 205 205 205 205 
29 97 200 206 1090 10000 1.56 14 3 206 206 206 206 206 206 
30 97 200 205 2916 10000 3.97 14 2.5 205 205 205 205 205 205 
31 197 200 202 3817 10000 17.8 47 1 203 202 202 202 202 202 
32 197 200 202 4852 10000 21.5 44 1 203 202 202 202 202 202 

Thu Oct 27 15:02:03 2005
inst  m   W   SVC: UB  it_best/all tm_best/all gap%  TmRow: 5 30 300 3600 inf
1 17 200 200 1000048 10000000 30 300 0 218 200 200 200 200 
2 17 200 200 502 10000000 0.0151 300 0 200 200 200 200 200 200 

Thu Oct 27 15:19:01 2005
inst  m   W   SVC: UB  it_best/all tm_best/all gap%  TmRow: 5 30 300 3600 inf
1 17 200 200 1000048 3003544 30 300 0 218 217 200 200 200 200 
2 17 200 200 502 3197442 0.0151 300 0 200 200 200 200 200 200 
3 17 200 200 2 2893863 6.01e-05 300 0 200 200 200 200 200 200 
4 17 200 215 1000010 2974571 30 300 7.5 216 215 215 215 215 200 
5 17 200 217 2946 2988535 0.0885 300 8.5 217 217 217 217 217 217 
6 25 200 212 701168 1586933 21.1 300 6 213 212 212 212 212 
7 25 200 210 147 1745679 0.00441 300 5 210 210 210 210 210 210 
8 25 200 212 338 1756728 0.0102 300 6 212 212 212 212 212 212 
9 25 200 210 100176 1578565 3.01 300 5 212 210 210 210 210 210 
10 25 200 208 351721 1622285 10.6 300 4 211 208 208 208 208 210 
11 29 200 213 751 1355066 0.0226 300 6.5 213 213 213 213 213 213 
12 29 200 209 1200039 1350175 36 300 4.5 212 209 209 209 209 213 
13 29 200 210 106 1460607 0.00318 300 5 210 210 210 210 210 210 
14 29 200 209 100183 1252977 3.01 300 4.5 210 209 209 209 209 209 
15 29 200 209 300668 1420470 9.03 300 4.5 210 209 209 209 209 209 
16 49 200 207 102240 597866 3.07 300 3.5 208 207 207 207 207 
17 49 200 208 80730 610331 2.42 300 4 209 208 208 208 208 
18 49 200 206 500391 612947 15 300 3 208 206 206 206 206 
19 49 200 208 2946 635851 0.0885 300 4 208 208 208 208 208 208 
20 49 200 207 100221 615737 3.01 300 3.5 208 207 207 207 207 208 
21 73 200 206 3472 336213 0.104 300 3 206 206 206 206 206 206 
22 73 200 204 161630 329364 4.85 300 2 206 205 204 204 204 204 
23 73 200 205 47136 342943 1.42 300 2.5 207 206 205 205 205 205 
24 73 200 205 102798 310250 3.09 300 2.5 206 205 205 205 205 205 
25 73 200 207 1038 331368 0.0312 300 3.5 207 207 207 207 207 207 
26 97 200 204 17219 217684 0.517 300 2 205 204 204 204 204 204 
27 97 200 204 2172 203651 0.0652 300 2 204 204 204 204 204 204 
28 97 200 204 13127 214630 0.394 300 2 206 204 204 204 204 204 
29 97 200 205 15306 205329 0.46 300 2.5 206 205 205 205 205 205 
30 97 200 205 2916 216388 0.0876 300 2.5 205 205 205 205 205 205 
31 197 200 202 3817 63637 0.115 300 1 203 202 202 202 202 202 
32 197 200 202 4852 67068 0.146 300 1 203 202 202 202 202 202 
33 197 200 202 12004 66971 0.36 300 1 203 202 202 202 202 202 
34 197 200 202 8018 65096 0.241 300 1 203 202 202 202 202 202 
35 197 200 202 8664 63456 0.26 300 1 203 202 202 202 202 202 

Thu Oct 27 23:48:09 2005
inst  m   W   SVC: UB  it_best/all tm_best/all gap%  TmRow: 5 30 300 3600 inf
1 17 200 200 1000048 3028192 99.5 300 0 218 218 200 200 200 200 
2 17 200 200 502 3212278 0.05 300 0 200 200 200 200 200 200 
3 17 200 200 2 2911577 0 300 0 200 200 200 200 200 200 
4 17 200 215 1000010 2968832 101 300 7.5 216 216 215 215 215 215 
5 17 200 217 2946 3007530 0.3 300 8.5 217 217 217 217 217 217 
6 25 200 212 701168 1590865 132 300 6 213 213 212 212 212 212 
7 25 200 210 147 1754651 0.02 300 5 210 210 210 210 210 210 
8 25 200 212 338 1759286 0.05 300 6 212 212 212 212 212 212 
9 25 200 210 100176 1584233 19.1 300 5 212 210 210 210 210 210 
10 25 200 208 351721 1631667 63.8 300 4 211 211 208 208 208 208 
11 29 200 213 751 1374587 0.16 300 6.5 213 213 213 213 213 213 
12 29 200 209 1200039 1366224 264 300 4.5 212 212 209 209 209 209 
13 29 200 210 106 1475529 0.02 300 5 210 210 210 210 210 210 
14 29 200 209 100183 1263466 23.8 300 4.5 210 209 209 209 209 209 
15 29 200 209 300668 1428951 63.4 300 4.5 210 210 209 209 209 209 
16 49 200 207 102240 599759 51 300 3.5 208 208 207 207 207 207 
17 49 200 208 80730 619561 39.3 300 4 209 209 208 208 208 208 
18 49 200 206 500391 621478 242 300 3 208 208 206 206 206 206 
19 49 200 208 2946 643587 1.33 300 4 208 208 208 208 208 208 
20 49 200 207 100221 623685 48.7 300 3.5 208 208 207 207 207 207 
21 73 200 206 3472 339702 2.97 300 3 206 206 206 206 206 206 
22 73 200 204 161630 330277 147 300 2 206 205 204 204 204 204 
23 73 200 205 47136 343822 40.8 300 2.5 207 206 205 205 205 205 
24 73 200 205 102798 312780 98.4 300 2.5 206 206 205 205 205 205 
25 73 200 207 1038 333263 0.9 300 3.5 207 207 207 207 207 207 
26 97 200 204 17219 219252 23.4 300 2 205 204 204 204 204 204 
27 97 200 204 2172 205641 2.95 300 2 204 204 204 204 204 204 
28 97 200 204 13127 217364 18.3 300 2 206 204 204 204 204 204 
29 97 200 205 15306 207637 22.2 300 2.5 206 205 205 205 205 205 
30 97 200 205 2916 219023 3.89 300 2.5 205 205 205 205 205 205 
31 197 200 202 3817 63853 17.3 300 1 203 202 202 202 202 202 
32 197 200 202 4852 67066 21.2 300 1 203 202 202 202 202 202 
33 197 200 202 12004 67280 52.8 300 1 203 203 202 202 202 202 
34 197 200 202 8018 65369 35.4 300 1 203 203 202 202 202 202 
35 197 200 202 8664 63686 39.3 300 1 203 203 202 202 202 202 

Tue Nov  1 18:18:48 2005
inst  m   W   SVC: UB  it_best/all tm_best/all gap%  TmRow: 5 30 300 3600 36000 inf

Tue Nov  1 18:20:24 2005
inst  m   W   SVC: UB  it_best/all tm_best/all gap%  TmRow: 5 30 300 3600 36000 inf

Tue Nov  1 18:22:17 2005
inst  m   W   SVC: UB  it_best/all tm_best/all gap%  TmRow: 5 30 300 3600 36000 inf

Tue Nov  1 18:25:57 2005
inst  m   W   SVC: UB  it_best/all tm_best/all gap%  TmRow: 5 30 300 3600 36000 inf

Tue Nov  1 18:26:13 2005
inst  m   W   SVC: UB  it_best/all tm_best/all gap%  TmRow: 5 30 300 3600 36000 inf

Tue Nov  1 18:26:30 2005
inst  m   W   SVC: UB  it_best/all tm_best/all gap%  TmRow: 5 30 300 3600 36000 inf

Tue Nov  1 18:30:04 2005
inst  m   W   SVC: UB  it_best/all tm_best/all gap%  TmRow: 5 30 300 3600 36000 inf

Tue Nov  1 20:52:31 2005
inst  m   W   SVC: UB  it_best/all tm_best/all gap%  TmRow: 5 30 300 3600 36000 inf
1 17 200 200 170018 170019 18.7 19 0 212 200 200 200 200 200 
2 17 200 209 2300001 3067903 248 331 4.5 213 213 209 209 209 209 
3 17 200 200 270009 270010 30.3 30 0 211 211 200 200 200 200 
4 17 200 200 553 554 0.06 0 0 200 200 200 200 200 200 
5 17 200 200 40017 40018 4.56 5 0 200 200 200 200 200 200 
6 25 200 206 42391 1675918 8.24 330 3 208 206 206 206 206 206 
7 25 200 205 1109007 1786759 205 330 2.5 209 206 205 205 205 205 
8 25 200 206 30370 1838137 5.5 330 3 208 206 206 206 206 206 
9 25 200 207 1070359 1557906 227 330 3.5 209 209 207 207 207 207 
10 25 200 207 888 1691572 0.17 330 3.5 207 207 207 207 207 207 
11 29 200 207 1057760 1428428 244 330 3.5 209 208 207 207 207 207 
12 29 200 207 736882 1400631 174 330 3.5 208 208 207 207 207 207 
13 29 200 207 14543 1560593 3.04 330 3.5 207 207 207 207 207 207 
14 29 200 208 723 1307348 0.18 330 4 208 208 208 208 208 208 
15 29 200 208 4591 1488142 1.01 330 4 208 208 208 208 208 208 
16 49 200 204 82248 696910 38.8 330 2 205 205 204 204 204 204 
17 49 200 204 10543 700158 4.93 330 2 204 204 204 204 204 204 
18 49 200 204 87173 709979 40.3 330 2 205 205 204 204 204 204 
19 49 200 205 16612 722979 7.6 330 2.5 207 205 205 205 205 205 
20 49 200 204 152468 714491 70.3 330 2 205 205 204 204 204 204 
21 73 200 203 224688 406761 182 330 1.5 204 204 203 203 203 203 
22 73 200 204 15858 393300 13.3 330 2 205 204 204 204 204 204 
23 73 200 204 16919 401175 13.8 330 2 205 204 204 204 204 204 
24 73 200 204 134784 376030 118 330 2 205 205 204 204 204 204 
25 73 200 204 322967 400820 266 330 2 205 205 204 204 204 204 
26 97 200 203 32143 268042 39.8 330 1.5 204 204 203 203 203 203 
27 97 200 203 1516 266731 1.82 330 1.5 203 203 203 203 203 203 
28 97 200 203 10981 269140 13.4 330 1.5 204 203 203 203 203 203 
29 97 200 204 13238 260643 16.7 330 2 205 204 204 204 204 204 
30 97 200 203 5566 270652 6.76 330 1.5 204 203 203 203 203 203 
31 197 200 201 61957 90777 225 330 0.5 203 202 201 201 201 201 
32 197 200 202 1512 93089 5.3 330 1 203 202 202 202 202 202 
33 197 200 202 1046 93929 3.76 330 1 202 202 202 202 202 202 
34 197 200 202 791 92748 2.76 330 1 202 202 202 202 202 202 
35 197 200 202 3643 91285 13 330 1 203 202 202 202 202 202 

Thu Nov  3 17:57:16 2005
inst  m   W   SVC: UB  it_best/all tm_best/all gap%  TmRow: 5 30 300 3600 36000 inf

Sat Nov 19 20:11:30 2005

[BL] fImproved 1 pInvertShove 0 0.03  [Solver] instFirst 1 instLast 1000000 statPeriod 5 fWriteSolution 0 fWriteGrpPrm 1 [Sub_2DSPP] nScaleW 1 vsp -1 0  pTower 0 0.4  pChangeP_TIP 0.01 pInvertHole 0 0.05  pPermutateHole 0.8 1  pBubbleHole 0.6 0.9  [SVC_2DSPP] MaxTime 10 MaxIter 1e+100 NIterRandom 0 NIterSVC 1 ValReset 1000 19000  blockw_pow 2.1 0.1  p_bwpnew 0.1 BaseOrdering 2 1 1 1  p_choose 0.6 0.6  
inst  m   W   SVC: UB  it_best/all tm_best/all gap%  TmRow: 10 60 inf ave_best^
1 17 200 212 286 54695 0.05 11 6 212 212 212 212
2 17 200 213 6531 50515 1.34 10 6.5 213 213 213 212.5
3 17 200 211 10 51022 0 11 5.5 211 211 211 212
4 17 200 212 27 55976 0 11 6 212 212 212 212
5 17 200 209 43084 45265 9.51 10 4.5 209 209 209 211.4
6 25 200 206 14959 30398 5.46 11 3 206 206 206 210.5
7 25 200 208 21005 31325 7.07 11 4 208 208 208 210.143
8 25 200 207 28804 33786 9.46 11 3.5 207 207 207 209.75
9 25 200 209 3576 29320 1.33 11 4.5 209 209 209 209.667
10 25 200 207 2415 30475 0.87 11 3.5 207 207 207 209.4
11 29 200 209 182 26903 0.07 11 4.5 209 209 209 209.364

Sat Nov 19 20:13:53 2005

[BL] fImproved 1 pInvertShove 0 0.03  [Solver] instFirst 1 instLast 1000000 statPeriod 5 fWriteSolution 0 fWriteGrpPrm 1 [Sub_2DSPP] nScaleW 1 vsp -1 0  pTower 0 0.4  pChangeP_TIP 0.01 pInvertHole 0 0.05  pPermutateHole 0.8 1  pBubbleHole 0.6 0.9  [SVC_2DSPP] MaxTime 10 MaxIter 1e+100 NIterRandom 0 NIterSVC 1 ValReset 1000 19000  blockw_pow 2.1 0.1  p_bwpnew 0.1 BaseOrdering 2 1 1 1  p_choose 0.6 0.6  
inst  m   W   SVC: UB  it_best/all tm_best/all gap%  TmRow: 10 60 inf ave_best^
1 17 200 212 286 50435 0.07 11 6 212 212 212 212
2 17 200 213 6531 49666 1.43 11 6.5 213 213 213 212.5
3 17 200 211 10 44847 0 10 5.5 211 211 211 212
4 17 200 212 27 45600 0 10 6 212 212 212 212
5 17 200 209 43084 44279 10 10 4.5 211 209 209 211.4
6 25 200 206 14959 26881 5.71 10 3 206 206 206 210.5
7 25 200 208 21005 28885 7.46 10 4 208 208 208 210.143
8 25 200 207 28804 29515 10 10 3.5 207 207 207 209.75
9 25 200 209 3576 25431 1.4 10 4.5 209 209 209 209.667
10 25 200 207 2415 27711 0.91 11 3.5 207 207 207 209.4
11 29 200 209 182 23475 0.08 10 4.5 209 209 209 209.364
12 29 200 210 687 26382 0.28 11 5 210 210 210 209.417

Thu Jul 17 14:36:54 2008

[BL] fImproved 1 pInvertShove 0 0.03  [Solver] instFirst 1 instLast 1000000 statPeriod 10 fWriteSolution 0 [Sub_2DSPP] nScaleW 0 vsp -0.8 0.5  pTower 0 0.4  pChangeP_TIP 0.01 pInvertHole 0 0.05  pPermutateHole 0.8 1  pBubbleHole 0.6 0.9  [SVC_2DSPP] MaxTime 360 MaxIter 1e+100 NIterRandom 0 NIterSVC 1 ValReset 1000 19000  blockw_pow 2.1 0.1  p_bwpnew 0.1 BaseOrdering 2 1 1 1  p_choose 0.6 0.6  
inst  m   W   SVC: UB  it_best/all tm_best/all gap%  TmRow: 10 60 inf ave_best^
1 17 200 200 530769 530769 101 101 0 212 212 200 200

Thu Jul 17 14:39:16 2008

[BL] fImproved 1 pInvertShove 0 0.03  [Solver] instFirst 1 instLast 1000000 statPeriod 10 fWriteSolution 0 [Sub_2DSPP] nScaleW 0 vsp -0.8 0.5  pTower 0 0.4  pChangeP_TIP 0.01 pInvertHole 0 0.05  pPermutateHole 0.8 1  pBubbleHole 0.6 0.9  [SVC_2DSPP] MaxTime 360 MaxIter 1e+100 NIterRandom 0 NIterSVC 1 ValReset 1000 19000  blockw_pow 2.1 0.1  p_bwpnew 0.1 BaseOrdering 2 1 1 1  p_choose 0.6 0.6  
inst  m   W   SVC: UB  it_best/all tm_best/all gap%  TmRow: 10 60 inf ave_best^
1 17 200 200 530769 530769 81.9 82 0 212 212 200 200
2 17 200 205 245847 1898895 46.9 362 2.5 209 205 205 202.5
3 17 200 200 144354 144354 26.5 26 0 211 200 200 201.667
4 17 200 200 78 78 0.01 0 0 200 200 200 201.25
5 17 200 200 86088 86088 17.9 18 0 209 200 200 201
2 17 200 205 245847 2341263 38 360 2.5 209 205 205 202.5
3 17 200 200 144354 144354 21.3 21 0 211 200 200 201.667
4 17 200 200 78 78 0.02 0 0 200 200 200 201.25
5 17 200 200 86088 86088 14.2 14 0 209 200 200 201
                                                          
Thu Jul 17 14:52:25 2008

[BL] fImproved 1 pInvertShove 0 0.03  [Solver] instFirst 1 instLast 1000000 statPeriod 10 fWriteSolution 0 [Sub_2DSPP] nScaleW 0 vsp -0.8 0.5  pTower 0 0.4  pChangeP_TIP 0.01 pInvertHole 0 0.05  pPermutateHole 0.8 1  pBubbleHole 0.6 0.9  [SVC_2DSPP] MaxTime 360 MaxIter 1e+100 NIterRandom 0 NIterSVC 1 ValReset 1000 19000  blockw_pow 2.1 0.1  p_bwpnew 0.1 BaseOrdering 2 1 1 1  p_choose 0.6 0.6  
inst  m   W   SVC: UB  it_best/all tm_best/all gap%  TmRow: 10 60 inf ave_best^
1 17 200 200 530769 530769 81.3 81 0 212 212 200 200
2 17 200 205 245847 2349914 38 360 2.5 209 205 205 202.5
3 17 200 200 144354 144354 22 22 0 211 200 200 201.667
4 17 200 200 78 78 0.02 0 0 200 200 200 201.25
5 17 200 200 86088 86088 14.5 15 0 209 200 200 201
6 25 200 206 513806 1274529 146 362 3 208 208 206 201.833
7 25 200 205 243649 1423888 61.7 361 2.5 209 206 205 202.286
8 25 200 206 136678 1433765 34.7 361 3 207 206 206 202.75
9 25 200 207 337409 1301990 93.4 361 3.5 210 209 207 203.222
10 25 200 206 569524 1315915 156 360 3 207 207 206 203.5
11 29 200 208 6885 1181422 2.1 361 4 208 208 208 203.909
12 29 200 207 260089 1194697 78.1 361 3.5 208 208 207 204.167
13 29 200 206 44040 1215765 13.1 361 3 208 206 206 204.308
14 29 200 206 133317 1039470 46.4 360 3 208 206 206 204.429
15 29 200 205 233481 1201798 70.4 360 2.5 207 206 205 204.467
16 49 200 204 12681 565356 8.25 361 2 204 204 204 204.438
17 49 200 205 244735 583162 151 361 2.5 206 206 205 204.471
18 49 200 204 49576 558942 32 361 2 205 204 204 204.444
19 49 200 205 9092 592635 5.69 362 2.5 205 205 205 204.474
20 49 200 204 78686 586140 48.6 361 2 205 204 204 204.45
21 73 200 204 17386 344018 18 361 2 205 204 204 204.429
22 73 200 204 19715 337760 21.2 361 2 205 204 204 204.409
23 73 200 204 19727 343856 20.8 361 2 205 204 204 204.391
24 73 200 204 35603 330422 39.6 362 2 205 204 204 204.375
25 73 200 204 150605 339751 160 362 2 205 205 204 204.36
26 97 200 203 27361 235452 42 361 1.5 204 203 203 204.308
27 97 200 202 6615 232658 10.2 360 1 204 202 202 204.222
28 97 200 203 79174 233522 122 361 1.5 204 204 203 204.179
29 97 200 204 4855 228385 7.72 360 2 204 204 204 204.172
30 97 200 203 45963 234961 71 361 1.5 204 204 203 204.133
31 197 200 201 25049 86732 104 360 0.5 202 202 201 204.032
32 197 200 202 972 88137 3.91 360 1 202 202 202 203.969
33 197 200 202 2030 88715 8.17 361 1 202 202 202 203.909
34 197 200 202 3874 88160 15.9 361 1 203 202 202 203.853
35 197 200 202 1608 85933 6.63 360 1 202 202 202 203.8
