T1a
17
200
82	38
37	13
81	22
16	25
21	64
29	55
52	178
98	39
102	37
46	103
29	86
10	37
63	26
50	11
13	40
60	29
119	20

T1b
17
200
41	12
25	34
19	44
115	22
25	51
16	22
71	22
44	109
41	29
90	87
35	137
31	68
129	44
36	15
17	29
19	54
146	25

T1c
17
200
167	40
33	125
20	70
111	84
7	20
29	18
8	2
21	67
15	65
13	90
7	14
118	76
37	6
32	11
18	69
19	5
51	64

T1d
17
200
178	58
22	153
46	142
59	62
73	44
20	18
32	20
21	34
74	11
5	19
22	31
10	14
46	22
28	8
31	17
33	14
154	47

T1e
17
200
28	139
151	25
21	44
44	60
107	19
121	21
7	32
95	20
26	11
33	9
78	54
31	78
63	83
106	61
11	37
20	5
83	32

T2a
25
200
114	36
22	75
64	150
13	55
81	31
16	3
4	24
12	36
4	21
8	15
44	24
37	46
21	31
21	6
5	25
16	32
57	22
26	7
56	87
80	37
27	34
117	17
55	17
62	33
82	16

T2b
25
200
82	39
45	56
73	20
21	35
17	9
35	180
8	26
9	44
22	34
60	17
29	18
105	17
86	33
28	17
51	84
11	16
17	41
97	25
15	49
30	43
69	26
120	43
23	6
7	26
38	20

T2c
25
200
11	76
58	71
42	34
89	21
14	13
75	44
56	31
20	45
29	6
11	21
17	112
54	69
24	5
34	98
11	27
18	15
35	93
29	12
18	12
22	71
38	59
40	43
14	66
129	31
57	23

T2d
25
200
14	50
67	13
51	57
68	44
38	37
29	96
22	13
46	75
52	59
33	40
40	22
21	18
19	40
54	22
47	24
21	67
13	10
97	36
35	67
17	67
30	43
81	45
16	31
51	24
51	14

T2e
25
200
37	71
61	28
90	32
12	48
7	43
37	10
17	33
64	94
26	16
26	112
11	23
38	78
28	89
44	79
50	24
43	44
9	50
46	18
102	32
29	32
17	14
26	30
17	6
26	24
119	18

T3a
29
200
58	12
22	20
20	101
54	14
14	40
32	63
30	22
28	8
33	54
21	26
50	14
20	132
16	48
44	16
35	28
33	32
11	51
19	5
13	48
87	43
49	19
64	21
16	33
65	55
35	89
17	44
47	12
63	32
165	34

T3b
29
200
27	154
159	23
14	35
78	32
81	12
95	20
85	39
32	53
10	59
23	52
23	95
17	60
38	29
30	18
15	93
8	43
10	25
22	6
17	11
13	21
32	19
55	10
110	21
10	41
21	22
154	46
7	19
14	28
17	9

T3c
29
200
112	22
18	47
61	25
9	38
41	8
50	12
21	25
26	57
35	13
35	33
6	4
56	29
44	44
39	16
24	94
42	60
64	19
86	60
17	11
31	5
21	6
10	41
38	35
14	34
28	77
25	14
23	72
111	58
38	43

T3d
29
200
37	71
61	28
90	32
12	48
7	43
37	10
17	33
64	94
26	16
26	112
11	23
38	78
28	89
44	79
50	24
43	44
9	50
46	18
102	32
29	32
17	14
7	15
19	7
17	6
26	24
8	8
11	23
119	18
15	15

T3e
29
200
8	47
143	26
16	107
33	95
5	21
54	40
84	15
32	25
52	45
13	39
86	20
50	77
77	31
24	74
11	12
22	65
27	53
14	46
17	9
15	21
31	6
8	38
23	77
12	35
5	12
20	23
73	40
40	39
64	37

T4a
49
200
26	25
9	28
47	23
18	42
13	52
45	94
8	40
34	12
11	28
23	63
28	5
19	17
7	33
19	15
37	12
75	18
19	35
6	37
12	10
25	27
56	41
4	14
22	6
8	8
14	15
12	7
32	19
10	68
57	20
52	35
25	26
34	101
5	29
36	9
38	20
6	20
30	22
20	11
18	24
10	9
15	23
11	2
62	14
61	13
104	18
62	20
91	39
13	2
75	37

T4b
49
200
54	27
109	16
37	102
33	11
76	35
46	15
41	6
14	9
27	18
60	9
35	46
56	18
22	92
45	19
5	30
20	28
36	56
15	32
30	11
17	13
18	11
5	2
13	10
22	8
55	28
16	51
71	38
51	75
40	18
32	13
7	42
27	23
5	26
50	37
12	45
11	37
37	32
10	8
17	3
22	5
25	11
7	29
31	20
19	8
32	18
25	5
12	15
31	12
36	10

T4c
49
200
25	105
57	24
27	18
13	25
20	15
58	20
14	10
6	28
14	59
13	25
17	57
41	82
32	81
25	102
27	18
46	34
77	25
8	15
25	18
64	13
7	19
14	74
57	21
58	11
6	6
4	9
4	3
29	6
13	5
105	22
10	45
39	74
6	31
26	21
13	10
13	29
51	52
54	23
19	19
44	8
11	11
9	9
46	24
36	21
8	8
7	2
2	7
18	5
28	13

T4d
49
200
37	57
16	63
48	23
50	41
49	86
27	53
21	18
64	14
7	18
38	21
26	4
25	77
12	6
33	17
28	71
93	20
5	10
54	10
23	18
10	30
58	29
14	41
24	13
18	74
15	72
9	61
18	20
5	12
27	23
31	12
15	8
20	20
32	9
34	51
45	11
6	11
26	31
55	52
17	33
26	20
16	3
11	7
4	8
12	4
29	26
23	11
23	4
59	19
57	15

T4e
49
200
110	32
12	33
78	15
62	18
16	53
37	76
14	97
28	43
16	9
15	22
64	19
10	13
4	27
12	13
3	6
7	22
67	16
27	14
13	41
78	35
30	115
8	54
20	91
6	6
72	12
15	92
22	58
19	6
38	48
21	61
10	38
22	47
22	37
5	30
5	9
3	15
24	10
20	37
18	13
23	19
41	27
18	5
6	11
39	24
21	6
62	17
20	15
3	8
44	7

T5a
73
200
54	12
39	23
17	58
90	30
12	32
42	11
81	21
58	20
4	23
25	9
3	13
14	35
11	4
9	15
5	23
15	21
18	10
13	88
5	19
42	10
49	8
9	3
13	5
4	11
14	60
37	9
5	20
79	16
5	16
4	8
42	11
19	49
9	8
33	22
34	6
27	12
7	23
4	21
26	7
23	4
9	3
14	59
18	16
16	24
27	49
8	47
8	23
19	14
3	2
1	5
51	8
10	3
30	9
28	96
9	31
30	19
18	55
20	28
23	86
10	18
9	12
21	41
4	2
4	9
31	7
23	68
18	29
69	27
91	14
35	23
61	22
30	9
65	13

T5b
73
200
36	24
26	4
14	3
31	26
23	83
52	10
18	37
6	1
8	11
32	10
9	38
43	27
4	10
36	103
23	29
17	35
18	100
13	75
61	11
7	35
32	23
11	4
20	7
9	9
2	3
14	64
9	6
22	6
26	58
10	10
11	17
10	35
6	8
36	21
4	23
7	18
4	22
2	13
30	18
38	9
17	5
106	25
14	83
62	9
88	26
8	35
90	30
60	21
28	9
5	17
28	22
57	11
36	12
30	11
11	9
16	28
23	4
20	7
58	11
5	24
6	19
17	10
6	3
17	12
41	9
26	7
10	3
48	16
53	13
8	3
33	13
25	10
22	5

T5c
73
200
112	22
18	47
61	25
9	38
41	8
50	12
21	25
26	57
35	13
35	33
6	4
56	29
12	13
32	9
39	16
10	4
22	35
22	31
24	94
13	11
29	8
64	19
5	3
24	52
18	49
34	23
52	43
5	7
12	2
31	5
8	5
4	9
21	6
10	41
13	4
38	35
29	37
5	20
14	34
8	38
20	28
57	17
25	14
23	72
51	17
60	28
2	10
8	17
10	36
19	25
19	10
19	41
32	11
10	39
6	6
7	2
6	33
5	32
3	19
4	4
3	13
24	21
68	11
10	9
24	10
44	19
26	7
6	11
13	13
2	11
24	4
48	9
30	7

T5d
73
200
18	43
55	12
16	41
11	23
29	20
15	81
30	27
17	23
9	26
15	31
40	73
1	3
28	14
12	11
15	7
2	3
11	4
18	22
12	3
38	19
36	7
4	21
52	14
6	10
7	11
20	8
32	32
24	76
12	15
8	34
2	13
4	1
11	12
9	30
13	39
34	9
20	30
14	35
25	19
31	17
16	30
82	14
33	5
4	27
27	13
97	16
20	56
12	26
43	14
64	17
25	74
8	40
24	10
7	45
52	17
47	68
17	57
11	53
13	35
25	4
7	31
20	58
9	42
16	27
17	11
11	23
10	34
7	12
20	18
23	15
18	22
63	12
42	11

T5e
73
200
66	25
14	30
18	14
43	34
59	30
10	16
8	33
22	47
18	16
26	13
24	17
26	4
7	28
26	14
30	51
39	25
7	3
19	9
25	6
8	14
18	78
14	17
62	12
15	64
16	5
46	13
27	26
12	63
30	8
36	91
23	31
8	13
22	9
9	50
14	4
8	16
22	12
57	37
7	6
12	36
11	29
30	56
50	62
61	13
4	7
7	33
16	26
12	46
21	27
28	65
4	4
9	19
40	13
6	19
15	22
19	31
21	17
5	6
5	15
30	7
6	19
8	12
11	8
19	21
18	14
3	20
18	3
83	16
16	13
2	7
6	10
37	6
8	3

T6a
97
200
101	37
99	25
10	12
14	80
55	14
20	19
50	10
9	11
15	18
14	17
23	14
31	19
24	5
8	10
36	9
22	59
28	14
2	13
7	7
9	3
14	45
4	1
32	5
23	42
12	4
22	6
15	23
16	16
16	40
10	56
18	94
15	40
37	35
7	7
9	31
22	24
1	5
36	10
22	10
15	104
12	21
4	16
16	5
23	42
22	49
25	11
44	12
16	40
11	48
14	5
17	6
2	10
6	1
50	11
15	81
11	33
8	6
9	4
11	2
22	65
13	35
18	47
16	54
10	37
6	8
20	53
3	7
2	10
19	4
8	35
17	29
25	46
8	6
11	12
10	6
5	16
8	12
8	32
13	19
26	4
4	14
16	3
11	12
3	17
13	9
34	6
9	5
21	13
5	1
4	12
39	11
24	8
6	4
20	3
5	1
15	3
11	2

T6b
97
200
28	7
9	8
8	6
59	22
23	10
7	5
27	8
10	45
29	32
3	14
4	3
4	2
4	14
8	21
20	13
13	12
31	11
18	41
5	9
26	8
13	18
37	8
20	6
30	10
9	31
19	24
7	10
65	29
24	25
6	21
4	13
25	57
20	14
11	18
3	19
12	59
23	70
22	38
15	4
23	70
19	57
13	3
29	8
20	18
6	12
7	5
7	26
4	1
7	25
36	7
23	59
18	50
1	3
14	40
7	46
20	40
37	7
4	23
32	27
5	16
5	30
7	11
9	11
5	13
14	86
8	25
6	6
9	7
4	14
16	9
14	5
2	9
16	18
15	6
26	17
8	4
6	14
28	73
7	12
2	7
35	11
24	10
25	9
6	5
62	22
49	8
47	19
7	14
24	20
18	25
6	21
41	41
69	18
2	12
22	5
40	7
117	20

T6c
97
200
18	90
15	63
23	89
108	19
17	45
19	106
12	30
22	14
74	26
5	16
17	41
9	16
82	12
17	25
3	4
79	17
12	13
7	27
8	32
33	5
4	17
20	5
48	13
10	20
10	32
25	22
8	12
9	12
3	20
8	36
14	9
26	7
8	7
9	6
14	73
25	5
12	10
5	10
4	8
9	2
17	11
18	11
35	11
7	29
23	9
7	2
49	14
30	10
28	40
21	48
11	44
3	18
13	13
16	16
87	30
5	26
8	3
24	23
10	38
22	6
23	9
67	16
32	24
1	4
10	12
6	11
16	3
22	8
39	8
8	20
4	26
55	8
63	18
18	5
20	4
4	1
6	13
10	12
22	22
49	15
35	11
3	13
1	1
9	11
7	10
35	20
28	9
31	11
4	2
7	19
1	6
7	9
47	16
2	7
5	13
66	11
40	9

T6d
97
200
13	9
22	7
22	64
11	12
35	11
36	14
21	55
18	116
22	56
10	2
12	27
23	25
5	1
30	42
16	41
16	68
7	20
13	6
4	14
9	35
27	94
8	46
11	21
7	11
31	20
8	2
4	18
4	25
41	27
10	60
12	75
29	16
35	7
12	7
7	11
4	24
47	12
6	20
34	102
23	49
8	11
4	4
11	7
14	10
6	5
27	8
4	5
2	10
5	21
14	6
33	7
18	5
18	15
5	9
28	5
20	21
13	4
15	7
18	3
28	15
56	9
14	4
4	25
56	19
16	14
13	56
13	34
50	24
7	33
7	21
7	2
2	4
7	22
5	3
2	2
4	1
65	17
11	12
13	10
37	29
6	1
55	15
8	5
3	15
24	35
14	11
12	8
6	22
2	10
8	3
4	11
22	8
19	21
36	12
5	12
110	16
47	9

T6e
97
200
15	72
15	47
67	11
56	39
6	35
11	17
8	20
22	8
8	12
3	16
11	9
9	61
47	7
11	11
5	18
6	22
5	7
6	14
25	21
22	4
16	11
33	17
8	7
4	8
26	110
11	4
58	12
56	21
21	102
6	25
9	51
16	11
30	5
12	9
4	6
26	16
68	12
20	10
21	26
20	12
49	16
6	28
11	3
37	12
9	18
2	9
5	14
15	4
39	9
64	10
32	7
16	26
99	21
38	19
23	32
6	37
22	54
25	36
50	27
27	22
8	41
66	23
8	5
15	3
18	12
9	4
6	2
9	6
5	8
4	18
15	19
8	5
14	4
48	13
14	14
23	10
5	18
10	23
51	11
58	14
7	12
10	9
16	12
13	3
35	9
34	12
17	25
3	3
7	23
10	20
109	18
7	7
6	6
44	13
3	1
3	12
10	11


T7a
199
200
18	11
23	11
17	35
21	35
25	10
5	1
7	1
76	12
8	12
5	9
7	9
9	13
16	13
12	22
5	4
13	4
16	19
7	19
46	8
30	8
8	20
5	31
13	31
23	7
23	7
30	12
9	9
16	9
23	5
23	5
16	16
7	16
21	12
10	12
6	19
32	39
9	39
43	45
17	11
5	7
16	7
5	4
16	4
21	7
10	7
13	19
11	11
17	11
6	18
32	18
19	28
9	9
3	9
6	35
11	8
17	8
9	19
3	19
6	22
19	5
13	5
13	21
6	13
5	6
5	4
12	4
5	2
12	2
19	17
13	17
5	7
17	7
32	6
9	6
41	9
43	9
6	8
22	8
19	7
12	7
60	17
19	17
10	50
24	30
5	30
28	34
27	8
27	8
9	4
18	4
7	18
3	10
12	10
5	12
9	62
9	47
9	47
11	7
29	7
4	22
2	11
5	11
9	16
19	97
3	2
12	2
15	6
5	6
11	15
29	15
7	48
8	41
12	41
2	5
5	5
24	4
5	4
3	6
3	3
1	3
9	14
22	4
7	4
19	3
9	3
3	3
1	3
17	4
2	4
9	13
18	4
4	4
7	12
40	8
4	8
3	8
4	8
12	4
5	4
2	9
18	8
4	8
12	5
5	5
13	44
13	37
7	11
11	11
16	67
4	14
6	14
39	6
18	6
39	18
18	18
7	26
11	26
9	15
9	15
4	10
6	10
8	7
12	7
23	7
17	7
27	14
21	21
28	16
5	16
23	7
17	7
13	7
18	7
33	6
7	6
27	26
28	5
5	5
5	10
8	10
31	23
6	7
3	7
24	8
7	20
16	14
5	14
21	3
12	3
21	16
12	16
5	13
8	13
6	1
3	1
9	12
24	12
16	5
5	5

T7b
199
200
19	50
8	50
8	8
9	8
8	2
10	2
10	29
17	22
32	22
9	22
6	9
21	9
3	15
10	5
30	5
8	11
10	11
10	10
30	10
8	5
9	5
6	13
21	13
17	64
10	26
8	26
3	18
40	18
17	7
32	7
9	11
27	11
4	23
6	23
14	7
35	7
10	6
3	6
5	11
14	15
4	15
12	74
12	29
19	29
14	41
22	8
13	8
10	38
8	38
10	5
3	5
22	33
5	13
8	13
8	10
3	9
2	9
5	31
14	27
4	27
10	41
9	41
8	52
4	25
6	25
3	1
2	1
8	21
5	21
5	20
8	20
12	45
19	45
18	41
18	41
7	12
28	12
6	13
25	9
28	9
25	4
28	4
3	4
4	4
7	9
21	9
6	12
5	3
17	3
31	7
10	11
9	11
3	9
4	9
5	4
17	4
22	5
31	5
7	4
21	4
27	14
94	14
12	9
31	9
4	4
8	4
17	9
25	12
24	12
4	10
20	10
19	16
29	45
28	5
15	5
7	32
4	5
8	5
5	15
23	15
6	18
9	18
12	10
17	10
4	6
20	6
25	7
24	7
6	19
9	19
9	21
19	38
7	19
10	3
12	3
28	27
9	18
12	18
5	12
23	12
10	16
12	16
6	9
9	9
43	13
7	13
6	2
9	2
9	9
12	9
15	17
9	17
7	16
6	13
8	3
8	3
8	10
8	10
4	27
25	27
4	15
3	15
20	24
9	30
4	24
10	24
28	8
20	4
1	4
20	4
1	4
6	3
16	3
3	19
27	8
48	8
17	17
26	17
4	9
3	9
27	11
48	11
7	10
20	10
4	6
10	6
17	13
26	13
4	12
13	8
12	8
3	11
75	11
9	4
14	4
27	5
23	5
13	4
12	4

T7c
199
200
11	3
4	3
8	11
44	9
3	9
19	20
6	20
50	8
2	2
2	2
51	16
2	6
2	6
11	8
4	8
50	8
4	8
44	8
3	8
15	6
8	6
54	8
51	8
5	22
6	22
12	46
24	8
23	8
19	4
6	4
8	17
17	17
4	11
19	11
10	14
20	11
52	11
6	21
7	12
11	12
7	13
2	13
4	16
10	23
4	3
19	3
20	9
52	9
7	9
11	9
7	3
2	3
23	6
10	6
5	24
6	24
9	7
4	7
8	42
11	18
6	18
20	5
13	5
12	12
18	12
26	14
9	11
7	11
6	37
18	37
13	35
10	35
20	34
13	34
9	3
7	3
12	9
18	9
26	7
16	7
11	24
6	24
8	10
3	10
12	20
12	13
18	13
42	18
8	10
3	10
12	5
18	5
44	11
11	11
12	20
3	20
8	21
6	21
18	13
49	13
13	26
27	26
9	36
13	13
31	13
11	18
18	11
49	11
12	9
3	9
8	3
6	3
13	5
31	5
14	21
7	7
35	7
11	8
14	8
13	10
27	10
10	9
29	9
6	31
10	31
15	88
7	8
35	8
11	7
14	7
40	9
9	9
10	40
29	40
42	6
25	6
22	38
28	15
5	6
26	6
7	2
6	2
2	4
13	8
21	8
7	2
6	2
13	8
2	8
5	9
26	9
13	4
21	4
5	11
2	11
8	15
8	41
10	19
16	19
6	18
7	3
3	3
28	23
31	23
7	15
3	15
5	4
2	4
7	45
8	45
10	22
16	22
30	6
9	6
12	22
4	22
15	28
7	28
10	6
7	6
42	19
15	15
15	15
9	33
10	13
7	13
8	19
26	19
15	18
15	18
12	17
4	17
17	15
40	7
2	7
40	8
2	8
15	6
7	6

T7d
199
200
14	46
28	46
29	7
34	7
10	33
23	49
20	86
19	31
23	31
3	6
26	6
21	19
4	19
9	22
3	20
21	14
5	14
21	3
4	3
21	6
5	6
25	4
9	4
8	14
9	6
2	6
11	20
8	11
4	11
63	16
7	9
3	9
9	8
2	8
7	7
3	7
8	9
4	9
8	41
11	41
10	12
4	12
21	15
7	15
73	18
23	18
11	35
12	35
10	9
4	9
21	6
7	6
5	10
16	10
6	6
15	6
42	6
28	6
10	8
7	3
9	3
7	5
9	5
6	9
15	9
20	5
22	5
7	5
21	5
10	11
7	7
9	7
5	5
16	5
20	8
22	8
7	8
21	8
5	19
16	19
21	49
7	4
9	4
26	35
31	11
13	11
4	15
3	15
10	5
9	5
10	13
10	13
15	6
27	6
10	15
9	15
7	16
8	16
10	10
5	5
12	5
31	24
7	11
6	11
5	5
12	5
10	32
5	12
5	12
5	30
16	30
4	5
3	5
4	18
6	18
17	29
7	25
5	14
14	14
4	5
3	5
6	13
7	23
8	23
5	20
5	20
4	8
3	8
5	11
14	11
4	11
6	11
26	10
19	4
25	4
19	6
25	6
12	24
22	10
35	10
6	20
5	20
15	8
22	8
21	16
19	15
16	15
8	10
4	4
15	4
4	6
15	6
15	8
22	8
22	14
35	14
8	8
19	8
19	3
16	3
37	35
11	18
3	16
7	16
17	24
18	24
13	35
14	35
6	21
5	21
8	15
4	15
57	17
3	2
7	2
11	17
10	17
8	2
4	2
69	10
9	4
2	4
17	27
11	17
7	17
9	6
2	6
80	18
37	8
21	8
13	16
14	16
18	4
19	4
21	10
11	10
7	10
18	6
19	6

T7e
199
200
15	69
13	28
6	28
11	27
5	27
59	17
29	9
11	9
9	4
15	4
4	24
5	24
18	51
9	58
15	58
29	8
11	8
30	14
29	14
10	66
2	4
9	4
3	10
6	19
10	19
2	6
9	6
4	27
5	27
11	8
5	8
11	20
3	20
13	7
6	7
9	44
3	21
9	21
9	35
12	38
7	38
10	53
9	3
10	3
7	15
9	15
6	11
10	11
9	31
10	31
4	21
10	21
5	8
11	8
7	19
9	19
9	11
18	11
3	14
9	14
5	28
11	28
16	24
8	24
6	31
4	3
17	3
4	28
9	13
8	13
12	9
9	9
4	15
10	15
15	71
9	37
26	37
12	15
7	15
9	26
9	9
5	9
7	14
9	15
8	15
10	18
30	18
9	5
5	5
19	17
10	17
16	15
8	15
14	12
7	12
6	8
21	8
24	10
17	10
50	8
8	8
14	16
3	5
14	5
9	13
2	13
7	12
2	12
9	34
11	21
15	21
3	11
14	11
21	8
29	8
8	21
24	19
12	17
5	17
7	4
2	4
9	3
2	3
11	10
10	10
29	13
14	9
17	9
11	9
9	9
6	6
25	6
20	14
4	7
7	7
15	13
11	3
10	3
12	2
5	2
41	10
58	10
6	8
25	8
4	6
7	6
37	7
13	7
60	11
15	11
11	20
18	9
9	9
28	5
9	5
28	13
9	13
21	36
10	26
6	26
13	53
18	9
9	9
60	9
15	9
27	19
33	14
4	14
75	17
11	17
33	5
4	5
10	10
6	10
62	10
24	10
12	12
19	12
17	7
5	3
11	3
5	4
11	4
21	17
16	17
17	8
12	2
4	2
12	6
4	6
62	13
24	13
12	3
19	3
15	4
16	4
33	8
15	4
16	4
