N1a LB=0 UB=200
17
200
33	132
64	41
103	32
59	9
44	38
123	29
57	62
32	8
25	26
53	39
15	81
17	18
42	63
9	50
44	91
90	68
66	41

N1b LB=0 UB=205
17
200
29	137
11	31
75	22
22	107
63	132
44	9
31	27
55	18
28	74
58	58
80	16
70	14
38	36
24	27
39	68
99	22
161	41

N1c LB=0 UB=200
17
200
35	86
17	54
36	81
70	88
42	117
5	32
12	42
25	15
11	55
40	10
26	78
44	29
77	40
86	49
79	64
9	30
121	34

N1d LB=0 UB=200
17
200
41	12
25	34
19	44
115	22
25	51
16	22
71	22
44	109
41	29
90	87
35	137
31	68
129	44
36	15
17	29
19	54
146	25

N1e LB=0 UB=200
17
200
21	84
56	67
123	86
30	17
26	61
51	44
25	42
79	32
19	66
36	82
43	34
66	27
36	8
23	19
13	64
62	48
89	45

N2a LB=0 UB=206
25
200
41	12
25	34
19	44
115	22
25	51
16	22
71	22
35	16
9	33
41	29
17	93
18	17
90	87
27	76
35	137
31	68
59	21
70	28
36	15
17	29
19	54
50	23
9	7
79	16
146	25

N2b LB=0 UB=205
25
200
37	71
61	28
90	32
12	48
7	43
37	10
17	33
64	94
26	16
26	112
11	23
38	78
28	89
44	79
50	24
43	44
9	50
46	18
102	32
29	32
17	14
26	30
17	6
26	24
119	18

N2c LB=0 UB=206
25
200
34	79
79	30
24	112
63	71
47	49
32	86
52	41
11	69
81	37
76	28
75	47
14	38
24	24
22	37
89	13
77	24
12	47
4	9
10	46
30	7
49	27
26	30
4	20
99	23
53	10

N2d LB=0 UB=207
25
200
34	70
21	53
26	101
29	74
90	26
34	48
15	59
41	24
8	35
33	73
9	17
12	34
43	17
51	27
12	41
23	38
37	60
18	14
44	46
42	22
9	14
21	8
41	24
78	77
122	53

N2e LB=0 UB=206
25
200
14	50
67	13
51	57
68	44
38	37
29	96
22	13
46	75
52	59
33	40
40	22
21	18
19	40
54	22
47	24
21	67
13	10
97	36
35	67
17	67
30	43
81	45
16	31
51	24
51	14

N3a LB=0 UB=208
29
200
89	37
56	28
12	66
13	24
30	25
8	10
5	1
35	9
36	9
20	78
26	32
17	104
52	48
73	33
14	55
24	45
55	15
18	36
107	21
54	45
81	33
10	32
8	10
16	27
22	17
65	62
66	12
15	61
120	49

N3b LB=0 UB=207
29
200
8	47
143	26
16	107
33	95
5	21
54	40
84	15
32	25
52	45
13	39
86	20
50	77
77	31
24	74
11	12
22	65
27	53
14	46
17	9
15	21
31	6
8	38
23	77
12	35
5	12
20	23
73	40
40	39
64	37

N3c LB=0 UB=206
29
200
35	55
65	50
54	39
46	80
33	108
21	41
34	5
22	29
9	43
40	53
29	48
19	41
3	14
67	67
12	27
25	5
4	17
65	12
59	80
41	27
39	15
50	16
52	14
5	2
47	16
27	38
12	15
55	14
114	23

N3d LB=0 UB=206
29
200
58	12
22	20
20	101
54	14
14	40
32	63
30	22
28	8
33	54
21	26
50	14
20	132
16	48
44	16
35	28
33	32
11	51
19	5
13	48
87	43
49	19
64	21
16	33
65	55
35	89
17	44
47	12
63	32
165	34

N3e LB=0 UB=205
29
200
38	11
20	103
68	49
74	11
21	119
17	92
27	38
47	89
95	51
71	30
27	82
44	21
37	27
6	33
15	21
23	79
58	36
71	29
6	12
9	40
12	28
12	7
37	9
22	29
70	34
10	32
27	20
48	18
49	12

N4a LB=0 UB=204
49
200
37	57
16	63
48	23
50	41
49	86
27	53
21	18
64	14
7	18
38	21
26	4
25	77
12	6
33	17
28	71
93	20
5	10
54	10
23	18
10	30
58	29
14	41
24	13
18	74
15	72
9	61
18	20
5	12
27	23
31	12
15	8
20	20
32	9
34	51
45	11
6	11
26	31
55	52
17	33
26	20
16	3
11	7
4	8
12	4
29	26
23	11
23	4
59	19
57	15

N4b LB=0 UB=205
49
200
110	32
12	33
78	15
62	18
16	53
37	76
14	97
28	43
16	9
15	22
64	19
10	13
4	27
12	13
3	6
7	22
67	16
27	14
13	41
78	35
30	115
8	54
20	91
6	6
72	12
15	92
22	58
19	6
38	48
21	61
10	38
22	47
22	37
5	30
5	9
3	15
24	10
20	37
18	13
23	19
41	27
18	5
6	11
39	24
21	6
62	17
20	15
3	8
44	7

N4c LB=0 UB=204
49
200
54	27
109	16
37	102
33	11
76	35
46	15
41	6
14	9
27	18
60	9
35	46
56	18
22	92
45	19
5	30
20	28
36	56
15	32
30	11
17	13
18	11
5	2
13	10
22	8
55	28
16	51
71	38
51	75
40	18
32	13
7	42
27	23
5	26
50	37
12	45
11	37
37	32
10	8
17	3
22	5
25	11
7	29
31	20
19	8
32	18
25	5
12	15
31	12
36	10

N4d LB=0 UB=205
49
200
25	105
57	24
27	18
13	25
20	15
58	20
14	10
6	28
14	59
13	25
17	57
41	82
32	81
25	102
27	18
46	34
77	25
8	15
25	18
64	13
7	19
14	74
57	21
58	11
6	6
4	9
4	3
29	6
13	5
105	22
10	45
39	74
6	31
26	21
13	10
13	29
51	52
54	23
19	19
44	8
11	11
9	9
46	24
36	21
8	8
7	2
2	7
18	5
28	13

N4e LB=0 UB=204
49
200
28	99
57	27
13	25
21	12
17	46
8	10
24	5
32	69
13	5
11	18
21	13
10	13
11	48
11	23
21	30
23	35
48	43
9	33
28	7
45	39
4	16
43	10
36	23
4	27
24	15
46	12
17	4
7	8
10	36
53	28
2	12
22	14
57	18
24	108
6	2
56	11
9	51
36	48
131	23
49	38
17	37
65	19
40	18
25	48
1	3
35	13
10	10
57	30
94	29

N5a LB=0 UB=204
73
200
112	22
18	47
61	25
9	38
41	8
50	12
21	25
26	57
35	13
35	33
6	4
56	29
12	13
32	9
39	16
10	4
22	35
22	31
24	94
13	11
29	8
64	19
5	3
24	52
18	49
34	23
52	43
5	7
12	2
31	5
8	5
4	9
21	6
10	41
13	4
38	35
29	37
5	20
14	34
8	38
20	28
57	17
25	14
23	72
51	17
60	28
2	10
8	17
10	36
19	25
19	10
19	41
32	11
10	39
6	6
7	2
6	33
5	32
3	19
4	4
3	13
24	21
68	11
10	9
24	10
44	19
26	7
6	11
13	13
2	11
24	4
48	9
30	7

N5b LB=0 UB=204
73
200
66	25
14	30
18	14
43	34
59	30
10	16
8	33
22	47
18	16
26	13
24	17
26	4
7	28
26	14
30	51
39	25
7	3
19	9
25	6
8	14
18	78
14	17
62	12
15	64
16	5
46	13
27	26
12	63
30	8
36	91
23	31
8	13
22	9
9	50
14	4
8	16
22	12
57	37
7	6
12	36
11	29
30	56
50	62
61	13
4	7
7	33
16	26
12	46
21	27
28	65
4	4
9	19
40	13
6	19
15	22
19	31
21	17
5	6
5	15
30	7
6	19
8	12
11	8
19	21
18	14
3	20
18	3
83	16
16	13
2	7
6	10
37	6
8	3

N5c LB=0 UB=204
73
200
54	12
39	23
17	58
90	30
12	32
42	11
81	21
58	20
4	23
25	9
3	13
14	35
11	4
9	15
5	23
15	21
18	10
13	88
5	19
42	10
49	8
9	3
13	5
4	11
14	60
37	9
5	20
79	16
5	16
4	8
42	11
19	49
9	8
33	22
34	6
27	12
7	23
4	21
26	7
23	4
9	3
14	59
18	16
16	24
27	49
8	47
8	23
19	14
3	2
1	5
51	8
10	3
30	9
28	96
9	31
30	19
18	55
20	28
23	86
10	18
9	12
21	41
4	2
4	9
31	7
23	68
18	29
69	27
91	14
35	23
61	22
30	9
65	13

N5d LB=0 UB=204
73
200
18	43
55	12
16	41
11	23
29	20
15	81
30	27
17	23
9	26
15	31
40	73
1	3
28	14
12	11
15	7
2	3
11	4
18	22
12	3
38	19
36	7
4	21
52	14
6	10
7	11
20	8
32	32
24	76
12	15
8	34
2	13
4	1
11	12
9	30
13	39
34	9
20	30
14	35
25	19
31	17
16	30
82	14
33	5
4	27
27	13
97	16
20	56
12	26
43	14
64	17
25	74
8	40
24	10
7	45
52	17
47	68
17	57
11	53
13	35
25	4
7	31
20	58
9	42
16	27
17	11
11	23
10	34
7	12
20	18
23	15
18	22
63	12
42	11

N5e LB=0 UB=204
73
200
89	17
70	29
12	60
10	33
17	6
2	9
8	17
9	3
11	14
36	31
53	12
10	10
9	26
123	19
20	16
79	28
13	46
18	70
44	9
5	30
5	11
24	39
8	31
36	21
17	28
35	6
30	12
14	18
41	10
21	17
14	6
44	11
80	17
10	56
27	5
17	101
41	7
34	10
19	68
55	50
6	39
40	12
1	3
35	9
21	36
63	15
9	21
50	15
13	6
22	9
7	30
9	37
1	6
55	16
7	25
9	17
22	46
29	18
26	45
33	36
22	11
4	8
5	10
11	2
48	27
4	26
3	7
22	7
16	13
12	19
6	18
16	6
32	12

N6a LB=0 UB=203
97
200
14	78
27	27
17	35
39	21
66	16
37	49
5	19
9	16
19	16
26	12
7	26
31	14
8	25
15	35
12	19
21	21
5	14
1	3
8	19
5	19
14	37
48	11
6	16
12	7
68	16
70	20
19	18
50	16
11	62
22	40
15	80
2	12
25	4
20	22
12	44
29	37
18	8
7	16
11	32
36	6
8	34
9	29
20	8
10	20
11	11
15	40
17	76
10	2
30	74
2	9
9	15
10	22
12	47
12	6
25	7
4	18
2	5
7	18
13	2
19	4
12	12
1	2
10	13
37	11
20	10
5	22
36	7
6	1
9	16
12	18
7	32
17	16
17	76
23	24
14	15
22	18
3	9
6	2
2	13
10	8
5	25
18	7
19	3
2	1
3	4
5	8
105	32
7	40
1	4
1	3
4	1
7	3
19	9
71	35
101	19
4	8
11	11

N6b LB=0 UB=202
97
200
13	9
22	7
22	64
11	12
35	11
36	14
21	55
18	116
22	56
10	2
12	27
23	25
5	1
30	42
16	41
16	68
7	20
13	6
4	14
9	35
27	94
8	46
11	21
7	11
31	20
8	2
4	18
4	25
41	27
10	60
12	75
29	16
35	7
12	7
7	11
4	24
47	12
6	20
34	102
23	49
8	11
4	4
11	7
14	10
6	5
27	8
4	5
2	10
5	21
14	6
33	7
18	5
18	15
5	9
28	5
20	21
13	4
15	7
18	3
28	15
56	9
14	4
4	25
56	19
16	14
13	56
13	34
50	24
7	33
7	21
7	2
2	4
7	22
5	3
2	2
4	1
65	17
11	12
13	10
37	29
6	1
55	15
8	5
3	15
24	35
14	11
12	8
6	22
2	10
8	3
4	11
22	8
19	21
36	12
5	12
110	16
47	9

N6c LB=0 UB=203
97
200
28	7
9	8
8	6
59	22
23	10
7	5
27	8
10	45
29	32
3	14
4	3
4	2
4	14
8	21
20	13
13	12
31	11
18	41
5	9
26	8
13	18
37	8
20	6
30	10
9	31
19	24
7	10
65	29
24	25
6	21
4	13
25	57
20	14
11	18
3	19
12	59
23	70
22	38
15	4
23	70
19	57
13	3
29	8
20	18
6	12
7	5
7	26
4	1
7	25
36	7
23	59
18	50
1	3
14	40
7	46
20	40
37	7
4	23
32	27
5	16
5	30
7	11
9	11
5	13
14	86
8	25
6	6
9	7
4	14
16	9
14	5
2	9
16	18
15	6
26	17
8	4
6	14
28	73
7	12
2	7
35	11
24	10
25	9
6	5
62	22
49	8
47	19
7	14
24	20
18	25
6	21
41	41
69	18
2	12
22	5
40	7
117	20

N6d LB=0 UB=204
97
200
52	34
31	14
29	7
16	79
7	48
7	24
21	12
22	37
15	13
11	7
4	15
14	10
3	6
3	10
15	26
5	24
10	35
42	22
7	5
7	19
1	6
2	4
11	14
5	2
13	14
50	11
2	2
62	9
27	11
13	10
15	36
33	11
18	18
42	32
19	34
20	26
14	26
23	98
25	11
8	7
26	4
21	26
30	10
24	52
11	36
14	28
72	16
35	14
13	48
76	13
7	17
7	18
25	8
12	22
13	45
2	8
12	29
37	20
13	29
26	94
6	13
1	1
13	21
8	12
26	23
28	15
9	9
21	20
3	5
28	15
22	6
6	14
9	5
23	9
7	14
18	17
6	9
3	16
42	26
9	26
60	14
5	12
18	41
12	7
5	34
2	3
20	31
37	12
23	19
20	29
14	28
28	7
46	7
97	21
10	2
15	11
48	9

N6e LB=0 UB=203
97
200
18	90
15	63
23	89
108	19
17	45
19	106
12	30
22	14
74	26
5	16
17	41
9	16
82	12
17	25
3	4
79	17
12	13
7	27
8	32
33	5
4	17
20	5
48	13
10	20
10	32
25	22
8	12
9	12
3	20
8	36
14	9
26	7
8	7
9	6
14	73
25	5
12	10
5	10
4	8
9	2
17	11
18	11
35	11
7	29
23	9
7	2
49	14
30	10
28	40
21	48
11	44
3	18
13	13
16	16
87	30
5	26
8	3
24	23
10	38
22	6
23	9
67	16
32	24
1	4
10	12
6	11
16	3
22	8
39	8
8	20
4	26
55	8
63	18
18	5
20	4
4	1
6	13
10	12
22	22
49	15
35	11
3	13
1	1
9	11
7	10
35	20
28	9
31	11
4	2
7	19
1	6
7	9
47	16
2	7
5	13
66	11
40	9

N7a LB=0 UB=201
197
200
19	10
5	14
16	12
6	7
2	9
46	9
48	9
16	23
35	8
7	13
2	6
4	2
26	37
9	5
6	4
26	18
20	29
4	7
15	9
24	8
5	14
16	37
3	4
14	15
2	1
10	14
16	32
8	33
2	6
2	2
8	5
13	4
3	8
17	4
9	17
4	4
27	16
11	5
10	8
6	3
1	4
50	11
5	10
1	1
5	10
6	3
2	9
16	7
21	9
9	27
14	33
16	29
10	56
11	5
8	2
11	14
34	7
1	3
7	11
12	8
76	23
7	5
7	11
3	6
6	2
22	10
2	4
4	14
3	10
10	11
6	1
6	36
1	6
17	16
5	10
9	6
13	11
8	30
2	7
1	1
11	6
18	5
7	47
2	6
12	48
4	27
9	20
5	31
17	18
6	41
20	37
27	61
53	28
16	41
6	13
11	38
18	10
5	32
14	21
25	7
2	12
12	54
14	53
10	26
8	22
11	25
17	26
8	5
11	4
9	19
10	21
17	15
7	9
9	2
2	3
5	3
3	3
6	1
8	2
31	9
6	4
5	7
13	4
13	3
27	9
93	18
16	44
38	22
12	67
15	9
93	14
15	26
3	1
11	51
15	50
10	16
7	6
5	7
16	49
21	11
5	17
42	21
25	12
5	11
2	1
7	10
6	12
9	8
6	6
4	6
6	1
18	5
12	10
10	29
18	5
11	14
7	3
6	6
5	5
20	3
2	8
16	19
7	4
2	12
6	5
1	3
7	10
13	5
19	5
6	7
11	18
6	20
17	3
13	8
7	2
3	16
24	9
3	16
15	5
17	5
2	2
8	3
12	14
10	6
29	8
22	4
8	7
16	10
3	4
19	9
26	8
32	5
4	5
7	2
13	3
11	3
13	3

N7b LB=0 UB=202
197
200
10	25
10	8
5	17
37	6
40	17
24	75
43	13
6	10
25	68
25	8
9	10
3	11
3	7
5	4
2	9
3	3
3	17
1	3
4	11
21	4
25	8
22	12
3	2
4	8
12	10
7	6
43	9
10	10
11	4
36	6
3	2
12	66
13	64
14	16
5	18
7	16
18	5
6	27
22	28
5	32
19	74
12	5
9	12
9	41
8	35
10	22
9	37
3	7
12	30
8	29
6	5
3	2
4	5
8	3
9	4
9	19
4	20
5	15
16	13
21	21
1	4
4	4
2	8
2	13
2	4
14	5
16	5
8	18
4	9
14	46
20	35
7	32
14	79
42	13
51	9
10	2
4	1
36	19
51	9
2	1
2	4
12	3
25	12
8	4
6	12
4	12
4	8
1	4
4	2
46	28
1	2
3	8
2	6
18	20
7	4
10	4
2	5
15	3
3	1
6	3
1	4
2	2
11	14
30	10
11	11
9	45
8	2
7	6
8	2
21	16
10	4
2	4
7	42
10	34
9	8
8	4
22	8
25	34
19	4
4	26
5	30
24	33
38	12
55	8
9	19
18	9
22	14
8	4
7	8
8	3
4	17
15	18
11	11
2	7
6	4
4	18
4	14
13	3
10	10
8	5
6	5
18	3
30	5
13	2
5	5
2	7
9	56
14	4
19	3
59	14
21	11
45	12
5	17
8	2
2	3
6	2
4	15
4	20
7	40
10	19
1	1
5	2
3	1
9	11
27	15
4	3
17	19
9	16
3	20
33	10
63	16
8	35
1	4
9	5
26	8
2	10
5	21
5	30
46	14
8	8
1	4
19	23
7	2
9	15
46	7
25	6
9	21
4	4
83	16
32	8
8	2
6	11
4	13
4	9
12	9
41	7
10	4

N7c LB=0 UB=202
197
200
10	48
37	8
32	16
8	37
23	4
43	16
20	7
3	8
24	19
5	33
12	25
6	30
18	6
2	1
8	27
29	8
5	5
7	15
12	3
4	4
61	19
8	24
8	24
8	16
16	4
3	8
10	3
2	1
6	2
40	9
13	2
2	5
1	4
12	6
1	3
4	4
3	3
61	18
5	12
1	6
6	5
5	5
6	8
2	12
3	1
3	13
11	13
20	13
49	19
4	12
13	10
6	20
2	4
14	4
2	6
3	20
11	10
7	8
63	14
5	1
1	6
11	2
4	5
10	22
30	6
4	6
1	5
8	6
3	3
7	3
4	2
3	8
2	1
25	12
60	11
15	6
4	21
7	4
4	1
1	3
3	13
8	10
28	16
11	69
21	62
18	50
12	71
3	1
57	11
28	10
21	7
44	13
60	9
29	21
5	30
22	4
26	8
12	6
66	13
8	2
3	1
1	5
2	10
1	4
34	9
2	6
21	23
8	9
4	26
24	18
17	14
20	4
21	41
12	3
6	9
10	15
2	6
12	10
8	32
13	14
14	74
4	21
7	3
1	6
6	6
1	3
14	14
15	18
2	3
11	8
13	35
6	6
15	9
11	30
10	27
10	28
8	7
13	47
3	9
3	3
15	27
18	6
7	21
12	6
12	8
2	4
16	53
17	4
13	52
8	15
7	15
5	34
11	47
26	5
30	11
3	15
14	8
4	25
6	1
8	6
3	4
5	12
19	37
14	19
6	7
8	11
1	2
2	5
16	31
14	8
9	3
20	45
8	30
3	15
8	3
9	4
13	12
20	9
4	11
7	19
25	31
7	15
14	5
6	2
10	15
10	28
10	3
22	9
2	5
9	4
17	4
20	9
66	15
42	13
14	12
3	5
23	7

N7d LB=0 UB=202
197
200
54	16
38	11
18	29
22	75
11	16
6	23
8	27
43	12
9	56
29	18
7	15
21	10
15	6
11	49
7	29
11	51
11	63
14	51
9	45
2	7
3	4
6	17
6	4
10	5
14	4
2	13
4	23
8	38
5	1
9	19
2	11
13	9
15	18
26	6
21	24
7	32
16	3
3	16
8	10
2	2
11	9
11	15
5	13
4	7
3	20
4	23
8	54
16	85
14	45
13	54
8	2
40	14
5	14
5	31
7	36
14	3
6	34
5	12
9	26
13	27
34	7
14	38
13	54
5	33
7	37
8	18
15	8
4	10
27	24
5	19
3	1
8	3
1	5
2	2
10	3
5	8
10	2
14	6
2	13
9	16
5	2
14	15
9	13
5	9
13	13
3	7
2	5
7	19
2	1
15	18
9	2
7	3
36	11
11	51
18	4
3	8
15	10
9	7
8	27
6	28
13	27
41	6
2	9
3	6
4	4
2	8
1	2
5	29
7	13
6	15
18	40
16	6
4	1
44	11
1	2
3	10
26	10
4	8
20	5
14	67
30	29
6	20
5	30
9	10
30	6
16	16
4	8
3	2
9	6
21	4
9	11
12	21
12	27
4	1
9	35
3	8
10	34
10	34
30	7
3	1
13	27
32	12
5	14
5	7
8	26
4	25
2	10
2	7
3	14
29	15
14	25
9	5
7	12
16	11
5	5
11	9
3	14
9	6
7	15
1	4
6	3
3	11
6	7
2	6
3	9
2	1
4	4
3	3
21	8
21	5
18	3
13	4
65	22
50	10
30	16
27	9
49	11
1	6
17	4
2	5
3	3
13	16
6	18
2	2
1	6
2	9
15	5
4	4
31	5
20	4
6	1
74	14
71	13
36	11
11	8
2	2
8	6

N7e LB=0 UB=202
197
200
17	57
21	19
36	8
24	9
5	24
20	20
35	19
42	15
11	11
25	26
10	31
14	19
2	4
22	12
18	4
32	15
37	13
3	8
15	13
10	4
10	8
15	4
25	5
39	12
11	8
16	8
6	22
40	10
4	19
6	14
13	5
11	2
15	5
12	42
8	22
3	3
5	9
8	18
7	6
11	11
18	29
42	12
6	25
10	14
19	15
21	9
2	13
5	5
11	9
16	8
25	6
3	10
11	7
28	30
16	11
30	10
6	16
31	8
7	4
6	13
15	47
11	18
9	3
2	10
5	21
2	9
12	7
53	17
6	38
24	6
32	13
8	12
8	17
22	22
9	20
14	18
64	23
14	37
8	10
4	10
18	4
18	102
5	6
13	8
2	9
2	11
4	5
3	7
5	2
9	2
12	2
2	11
27	5
26	10
15	6
6	5
1	6
1	2
3	20
27	27
3	4
1	1
5	4
16	3
73	15
11	27
4	15
7	24
6	15
6	10
16	11
10	9
5	8
3	1
2	12
13	11
1	5
5	16
4	8
10	2
2	9
5	6
5	15
17	7
12	16
43	7
18	12
2	13
2	9
7	11
6	1
3	5
2	8
4	4
17	8
17	4
3	11
6	41
18	58
31	9
12	16
9	4
7	4
8	18
9	7
8	2
4	18
5	5
24	7
13	2
6	4
20	16
7	17
4	18
8	14
5	2
43	7
3	6
2	2
11	12
12	11
26	4
22	32
12	43
16	13
34	13
14	52
3	8
3	13
43	7
4	6
3	1
7	5
9	30
7	38
8	37
80	16
2	11
1	5
4	6
12	33
15	21
57	10
8	13
14	25
8	19
47	18
10	3
15	7
21	5
18	15
21	8
5	2
16	11
20	9
23	7
36	6

