
Tue Sep 27 14:44:03 2005
 inst  m   W   SVC:tm it:all best Tm:1dh 1dv cg  UB  LBh  LBv
   1  199  200  4.9 10000    1    0    0   99%  200    0    0
   2  199  200 5.01 10000    1 0.01    0   99%  200    0    0
   3  199  200 4.39 10000    1    0    0   99%  200    0    0
   4  199  200 4.24 10000    1    0    0   99%  200    0    0
   5  199  200 4.45 10000    1    0    0   99%  200    0    0

Tue Sep 27 14:55:52 2005
 inst  m   W   SVC:tm it:all best Tm:1dh 1dv cg  UB  LBh  LBv
   1  199  200 4.92 10000    1    0    0   99%  200    0    0
   2  199  200  5.1 10000    1    0    0   99%  200    0    0
   3  199  200 4.39 10000    1    0    0   99%  200    0    0
   4  199  200 4.28 10000    1    0    0   99%  200    0    0
   5  199  200 4.47 10000    1    0    0   99%  200    0    0

Tue Sep 27 15:09:00 2005
 inst  m   W   SVC:tm it:all best Tm:1dh 1dv cg  UB  LBh  LBv
   1  199  200 
Tue Sep 27 15:09:54 2005
 inst  m   W   SVC:tm it:all best Tm:1dh 1dv cg  UB  LBh  LBv
   1  199  200 4.94 10000 2900    0    0   99%  205    0    0
   2  199  200 5.08 10000 3442    0    0   99%  205    0    0
   3  199  200 4.49 10000 3077    0    0   99%  206    0    0
   4  199  200 4.28 10000 6117    0    0   99%  204    0    0
   5  199  200 4.52 10000 4314    0 0.01   99%  205    0    0

Tue Sep 27 15:12:54 2005
 inst  m   W   SVC:tm it:all best Tm:1dh 1dv cg  UB  LBh  LBv
   1  199  200 4.65 10000 6054 0.01    0   99%  204    0    0
   2  199  200  4.7 10000 1230    0    0   99%  205    0    0
   3  199  200 4.08 10000  607    0    0   99%  206    0    0
   4  199  200 4.03 10000 2151    0    0   99%  205    0    0
   5  199  200 4.08 10000 8581    0    0   99%  205    0    0

Tue Sep 27 16:44:38 2005
 inst  m   W   SVC:tm it:all best Tm:1dh 1dv cg  UB  LBh  LBv
   1  199  200 46.4 100000 6054    0    0   99%  204    0    0
   2  199  200 46.47 100000 27600    0    0   99%  204    0    0
   3  199  200 41.13 100000 33036    0    0   99%  205    0    0
   4  199  200 39.99 100000 36927    0    0   99%  204    0    0
   5  199  200 41.73 100000 31147    0    0   99%  204    0    0

Wed Sep 28 13:05:43 2005
 inst  m   W   SVC:tm it:all best Tm:1dh 1dv cg  UB  LBh  LBv
   1  199  200 46.7 100000 6054 0.01    0   99%  204    0    0
   2  199  200 47.29 100000 27600    0    0   99%  204    0    0
   3  199  200 41.51 100000 33036    0    0   99%  205    0    0
   4  199  200 39.71 100000 36927    0    0   99%  204    0    0
   5  199  200 41.64 100000 31147    0    0   99%  204    0    0

Wed Sep 28 13:54:22 2005
 inst  m   W   SVC:tm it:all best Tm:1dh 1dv cg  UB  LBh  LBv
   1  199  200 51.13 100000    1    0    0   99%  211    0    0
   2  199  200 51.93 100000 36311    0    0   99%  212    0    0
   3  199  200 45.38 100000 63833    0    0   99%  211    0    0
   4  199  200 
Wed Sep 28 13:57:42 2005
 inst  m   W   SVC:tm it:all best Tm:1dh 1dv cg  UB  LBh  LBv
   1  199  200 46.84 100000  171    0    0   99%  205    0    0
   2  199  200 47.25 100000 4106    0    0   99%  205    0    0

Wed Sep 28 14:00:34 2005
 inst  m   W   SVC:tm it:all best Tm:1dh 1dv cg  UB  LBh  LBv
   1  199  200 46.54 100000 59954 10.65 16.67   28%  204  200  200
   2  199  200 46.65 100000 4106 14.55 13.85   28%  205  200  200

Wed Sep 28 14:04:46 2005
 inst  m   W   SVC:tm it:all best Tm:1dh 1dv cg  UB  LBh  LBv
   1  199  200 46.62 100000 59338 10.56 16.64   28%  204  200  200
   2  199  200 46.85 100000 27551 14.49 13.86   28%  204  200  200
   3  199  200 41.54 100000 1879 12.47 13.33   30%  206  200  200
   4  199  200 40.14 100000 18174 9.17 11.97   32%  204  200  200
   5  199  200 41.22 100000 23021 11.08 9.87   29%  205  200  200

Wed Sep 28 14:10:40 2005
 inst  m   W   SVC:tm it:all best Tm:1dh 1dv cg  UB  LBh  LBv
   1  199  200 49.22 100000 27296 10.94 16.67   29%  204  200  200
   2  199  200 50.65 100000 3442 14.47 13.86   28%  205  200  200
   3  199  200 44.52 100000 17699 12.48 13.35   30%  204  200  200
   4  199  200 42.29 100000 6117 9.17 11.99   32%  204  200  200
   5  199  200 45.21 100000 4314 11.27  9.7   30%  205  200  200

Wed Sep 28 14:26:01 2005
 inst  m   W   SVC:tm it:all best Tm:1dh 1dv cg  UB  LBh  LBv
   1  199  200 50.01 100000 51906 10.6 16.65   28%  204  200  200
   2  199  200 51.77 100000 1588 14.47 14.21   29%  205  200  200
   3  199  200 44.6 100000 2340 12.72 13.38   30%  205  200  200
   4  199  200 42.92 100000 81302 9.23 11.91   32%  203  200  200
   5  199  200 45.98 100000 8796 11.1 9.77   32%  205  200  200

Wed Sep 28 14:34:00 2005
 inst  m   W   SVC:tm it:all best Tm:1dh 1dv cg  UB  LBh  LBv
   1  199  200 49.3 100000 36252 10.63 16.67   29%  204  200  200
   2  199  200 51.17 100000  136 14.52 14.14   28%  205  200  200
   3  199  200 43.98 100000 13713 12.68 13.34   30%  205  200  200
   4  199  200 42.24 100000 2236  9.2 11.95   32%  204  200  200
   5  199  200 45.35 100000 10533 11.15 9.73   30%  205  200  200

Wed Sep 28 15:18:22 2005
 inst  m   W   SVC:tm it:all best Tm:1dh 1dv cg  UB  LBh  LBv
   1  199  200 74.14 100000 17120 10.59 16.88   29%  204  200  200
   2  199  200 
Wed Sep 28 15:20:56 2005
 inst  m   W   SVC:tm it:all best Tm:1dh 1dv cg  UB  LBh  LBv
   1  199  200 70.61 100000 78852 10.64 16.72   28%  203  200  200
   2  199  200 74.07 100000 29832 14.5 13.88   28%  204  200  200
   3  199  200 67.17 100000 6998 12.75 13.38   30%  204  200  200
   4  199  200 64.73 100000 9107 9.24 11.9   33%  203  200  200
   5  199  200 
Wed Sep 28 15:28:18 2005
 inst  m   W   SVC:tm it:all best Tm:1dh 1dv cg  UB  LBh  LBv
   1  199  200 6.96 10000 2392 10.77 16.63   29%  204  200  200
   2  199  200 7.29 10000 2886 14.52 6.16   41%  204  200  200
   3  199  200 6.74 10000 1913 12.83 13.38   29%  205  200  200
   4  199  200  6.4 10000  786 9.27 12.1   32%  204  200  200
   5  199  200 7.15 10000 2384 11.07 9.77   30%  205  200  200

Wed Sep 28 15:31:01 2005
 inst  m   W   SVC:tm it:all best Tm:1dh 1dv cg  UB  LBh  LBv
   1  199  200 6.97 10000 1687    2  199  200 7.47 10000  267    3  199  200 6.69 10000 9080    4  199  200 6.45 10000 1883    5  199  200 7.15 10000 1683 
Wed Sep 28 15:34:34 2005
 inst  m   W   SVC:tm it:all best Tm:1dh 1dv cg  UB  LBh  LBv
   1  199  200    7 10000  615    0    0   99%  204    0    0
   2  199  200 7.33 10000 6109    0    0   99%  204    0    0
   3  199  200 6.76 10000 4659    0    0   99%  205    0    0
   4  199  200 6.35 10000 1111    0    0   99%  204    0    0
   5  199  200 7.08 10000 5333    0    0   99%  204    0    0

Wed Sep 28 15:35:17 2005
 inst  m   W   SVC:tm it:all best Tm:1dh 1dv cg  UB  LBh  LBv
   1  199  200 7.52 10000 4714    0    0   99%  208    0    0
   2  199  200 7.85 10000 6994    0    0   99%  208    0    0
   3  199  200 7.12 10000 3256    0    0   99%  208    0    0
   4  199  200 6.88 10000 7163    0    0   99%  207    0    0
   5  199  200 7.37 10000 9654    0    0   99%  209    0    0

Wed Sep 28 15:36:05 2005
 inst  m   W   SVC:tm it:all best Tm:1dh 1dv cg  UB  LBh  LBv
   1  199  200 5.87 10000 1795    0    0   99%  208    0    0
   2  199  200 6.01 10000 8355    0    0   99%  208    0    0
   3  199  200 5.26 10000  879    0    0   99%  210    0    0
   4  199  200 5.11 10000 4392    0    0   99%  209    0    0
   5  199  200 5.46 10000  203    0    0   99%  210    0    0

Wed Sep 28 15:37:16 2005
 inst  m   W   SVC:tm it:all best Tm:1dh 1dv cg  UB  LBh  LBv
   1  199  200 0.69 1000  898    0    0   99%  204    0    0
   2  199  200 0.74 1000   85    0    0   99%  205    0    0
   3  199  200 0.66 1000  709    0    0   99%  205    0    0
   4  199  200 0.64 1000  682    0    0   99%  204    0    0
   5  199  200 0.71 1000  151    0    0   99%  206    0    0

Wed Sep 28 15:38:00 2005
 inst  m   W   SVC:tm it:all best Tm:1dh 1dv cg  UB  LBh  LBv
   1  199  200 7.07 10000  898    0    0   99%  204    0    0
   2  199  200 7.56 10000   85    0    0   99%  205    0    0
   3  199  200 6.68 10000  709    0    0   99%  205    0    0
   4  199  200  6.5 10000  682    0    0   99%  204    0    0
   5  199  200 7.18 10000  151    0    0   99%  206    0    0

Wed Sep 28 15:38:51 2005
 inst  m   W   SVC:tm it:all best Tm:1dh 1dv cg  UB  LBh  LBv
   1  199  200 7.03 10000 3734    0    0   99%  204    0    0
   2  199  200 7.25 10000  486    0    0   99%  205    0    0
   3  199  200 6.75 10000 2758    0    0   99%  205    0    0

Wed Sep 28 15:39:17 2005
 inst  m   W   SVC:tm it:all best Tm:1dh 1dv cg  UB  LBh  LBv
   1  199  200 6.95 10000  430    0    0   99%  204    0    0
   2  199  200 7.48 10000  403    0    0   99%  205    0    0
   3  199  200 6.74 10000 6998    0    0   99%  204    0    0
   4  199  200  6.3 10000 9107    0    0   99%  203    0    0
   5  199  200 7.14 10000 7537    0    0   99%  205    0    0

Wed Sep 28 16:11:52 2005
 inst  m   W   SVC:tm it:all best Tm:1dh 1dv cg  UB  LBh  LBv
   1  199  200 7.17 10000  816    0    0   99%  205    0    0
   2  199  200 7.46 10000  466    0    0   99%  205    0    0
   3  199  200 6.74 10000 8016    0    0   99%  205    0    0
   4  199  200 6.53 10000  278    0    0   99%  205    0    0
   5  199  200 6.95 10000 1569    0    0   99%  205    0    0

Wed Sep 28 16:12:48 2005
 inst  m   W   SVC:tm it:all best Tm:1dh 1dv cg  UB  LBh  LBv
   1  199  200 7.15 10000 1349    0    0   99%  204    0    0
   2  199  200 7.31 10000 5822    0    0   99%  204    0    0
   3  199  200 6.76 10000  583    0    0   99%  205    0    0
   4  199  200 6.47 10000   63    0    0   99%  204    0    0
   5  199  200 7.09 10000 3431    0    0   99%  204    0    0

Wed Sep 28 17:27:30 2005
 inst  m   W   SVC: UB  tm it:all best Tm:1dh 1dv cg  LBh  LBv
1	199	200	204	7.12	10000	1349	0	0	-2.14748e+07	0	0	
1	0	0	0	0.16	0	4473	0	0	2.14748e+07	0	0	
1	0	0	1	-0.56	0	-5239	0	0	-1.15	0	0	
1	0	0	-1	-0.31	0	-520	0	0	0	0	0	
1	0	0	0	0.64	0	3368	0	0	1.15	0	0	

Wed Oct  5 14:25:50 2005
 inst  m   W   SVC: UB  tm it:all best Tm:1dh 1dv cg  LBh  LBv

Wed Oct  5 14:28:48 2005
 inst  m   W   SVC: UB  tm it:all best Tm:1dh 1dv cg  LBh  LBv
2 199 200 204 219.88 10000 2112 0 0 -2.14748e+07 0 0 
3 199 200 205 198.99 10000 612 0 0 -2.14748e+07 0 0 

Wed Oct  5 14:39:00 2005
 inst  m   W   SVC: UB  tm it:all best Tm:1dh 1dv cg  LBh  LBv

Wed Oct  5 14:52:08 2005
 inst  m   W   SVC: UB  tm it:all best Tm:1dh 1dv cg  LBh  LBv
1 199 200 204 14.93 10000 58 0 0 -2.14748e+07 0 0 
2 199 200 205 15.69 10000 619 0 0 0.4 0 0 
3 199 200 205 14.79 10000 4423 0 0 0.55 0 0 
4 199 200 204 14.24 10000 954 0 0 0 0 0 
5 199 200 205 15.67 10000 193 0 0 0 0 0 

Wed Oct  5 14:56:00 2005
 inst  m   W   SVC: UB  tm it:all best Tm:1dh 1dv cg  LBh  LBv
1 199 200 204 11.47 10000 5520 0 0 -2.14748e+07 0 0 
2 199 200 205 12.03 10000 754 0 0 0 0 0 
3 199 200 205 11.18 10000 872 0 0 0 0 0 
4 199 200 204 10.82 10000 875 0 0 0 0 0 
5 199 200 205 11.83 10000 4089 0 0 0 0 0 

Wed Oct  5 14:58:37 2005
 inst  m   W   SVC: UB  tm it:all best Tm:1dh 1dv cg  LBh  LBv
1 199 200 205 14.03 10000 761 0 0 -2.14748e+07 0 205 
2 199 200 204 15.28 10000 5993 0 0 0.56 0 204 
3 199 200 205 14.15 10000 1412 0 0 0 0 0 
4 199 200 204 13.63 10000 3885 0 0 0 0 204 
5 199 200 205 15.62 10000 3165 0 0 0 0 205 

Wed Oct  5 15:01:36 2005
 inst  m   W   SVC: UB  tm it:all best Tm:1dh 1dv cg  LBh  LBv
1 199 200 205 15.98 10000 2708 0 0 -2.14748e+07 0 0 
2 199 200 205 16.01 10000 969 0 0 0 0 205 
3 199 200 205 15.39 10000 1631 0 0 0 0 205 
4 199 200 204 13.05 10000 1930 0 0 0 0 204 
5 199 200 204 16.34 10000 8169 0 0 0.41 0 0 

Wed Oct  5 15:03:13 2005
 inst  m   W   SVC: UB  tm it:all best Tm:1dh 1dv cg  LBh  LBv
1 199 200 206 16.99 10000 674 0 0 -2.14748e+07 0 0 
2 199 200 207 17.77 10000 4042 0 0 0.45 0 0 
3 199 200 207 16.74 10000 2078 0 0 0 0 0 
4 199 200 206 16.28 10000 2743 0 0 0 0 0 
5 199 200 207 17.62 10000 187 0 0 0 0 0 

Wed Oct  5 15:04:42 2005
 inst  m   W   SVC: UB  tm it:all best Tm:1dh 1dv cg  LBh  LBv
1 199 200 204 12.55 10000 3475 0 0 -2.14748e+07 0 0 
2 199 200 204 12.93 10000 1880 0 0 0 0 0 
3 199 200 204 12.35 10000 1206 0 0 0 0 0 
4 199 200 203 11.61 10000 4699 0 0 0 0 0 
5 199 200 205 12.92 10000 831 0 0 0 0 0 

Wed Oct  5 15:11:17 2005
 inst  m   W   SVC: UB  tm it:all best Tm:1dh 1dv cg  LBh  LBv
1 199 200 204 12.67 10000 2385 0 0 -2.14748e+07 0 0 
2 199 200 205 13.14 10000 451 0 0 0 0 0 
3 199 200 205 12.28 10000 2821 0 0 0 0 0 
4 199 200 204 11.97 10000 1077 0 0 0 0 0 
5 199 200 205 12.85 10000 733 0 0 0 0 0 

Wed Oct  5 15:13:40 2005
 inst  m   W   SVC: UB  tm it:all best Tm:1dh 1dv cg  LBh  LBv
1 199 200 204 12.45 10000 5371 0 0 -2.14748e+07 0 0 
2 199 200 205 12.93 10000 1246 0 0 0 0 0 
3 199 200 205 12.09 10000 1221 0 0 0 0 0 
4 199 200 204 11.74 10000 2757 0 0 0 0 0 
5 199 200 205 12.69 10000 5331 0 0 0 0 0 

Wed Oct  5 16:32:39 2005
 inst  m   W   SVC: UB  tm it:all best Tm:1dh 1dv cg  LBh  LBv
1 199 200 204 14.44 10000 3914 0 0 -2.14748e+07 0 0 
2 199 200 205 15.04 10000 447 0 0 0 0 0 
3 199 200 205 14.34 10000 1601 0 0 0 0 0 
4 199 200 204 13.52 10000 1773 0 0 0 0 0 
5 199 200 205 14.91 10000 196 0 0 0 0 0 

Wed Oct  5 16:34:33 2005
 inst  m   W   SVC: UB  tm it:all best Tm:1dh 1dv cg  LBh  LBv
1 199 200 204 14.24 10000 1138 0 0 -2.14748e+07 0 0 
2 199 200 205 14.98 10000 560 0 0 0 0 0 
3 199 200 205 14.12 10000 339 0 0 0 0 0 
4 199 200 204 13.44 10000 1221 0 0 0 0 0 
5 199 200 205 14.77 10000 356 0 0 0 0 0 

Wed Oct  5 16:36:58 2005
 inst  m   W   SVC: UB  tm it:all best Tm:1dh 1dv cg  LBh  LBv
1 199 200 204 12.58 10000 3475 0 0 -2.14748e+07 0 0 
2 199 200 204 12.89 10000 1880 0 0 0 0 0 
3 199 200 204 12.36 10000 1206 0 0 0 0 0 
4 199 200 203 11.68 10000 4699 0 0 0 0 0 
5 199 200 205 12.94 10000 831 0 0 0 0 0 

Thu Oct  6 17:00:05 2005
 inst  m   W   SVC: UB  tm it:all best Tm:1dh 1dv cg  LBh  LBv

Thu Oct  6 17:00:42 2005
 inst  m   W   SVC: UB  tm it:all best Tm:1dh 1dv cg  LBh  LBv

Thu Oct  6 18:27:49 2005
 inst  m   W   SVC: UB  tm it:all best Tm:1dh 1dv cg  LBh  LBv

Thu Oct  6 19:03:05 2005
 inst  m   W   SVC: UB  tm it:all best Tm:1dh 1dv cg  LBh  LBv
1 199 200 204 165.41 10000 82 0 0 -2.14748e+07 0 0 

Thu Oct  6 19:01:46 2005
 inst  m   W   SVC: UB  tm it:all best Tm:1dh 1dv cg  LBh  LBv
1 199 200 203 866.68 10000 1773 0 0 -2.14748e+07 0 0 

Fri Oct  7 17:00:21 2005
 inst  m   W   SVC: UB  tm it:all best Tm:1dh 1dv cg  LBh  LBv

Fri Oct  7 17:01:33 2005
 inst  m   W   SVC: UB  tm it:all best Tm:1dh 1dv cg  LBh  LBv

Fri Oct  7 17:04:19 2005
 inst  m   W   SVC: UB  tm it:all best Tm:1dh 1dv cg  LBh  LBv

Fri Oct  7 17:03:15 2005
 inst  m   W   SVC: UB  tm it:all best Tm:1dh 1dv cg  LBh  LBv

Fri Oct  7 17:10:16 2005
 inst  m   W   SVC: UB  tm it:all best Tm:1dh 1dv cg  LBh  LBv

Fri Oct  7 17:10:23 2005
 inst  m   W   SVC: UB  tm it:all best Tm:1dh 1dv cg  LBh  LBv

Fri Oct  7 17:11:16 2005
 inst  m   W   SVC: UB  tm it:all best Tm:1dh 1dv cg  LBh  LBv

Fri Oct  7 17:11:31 2005
 inst  m   W   SVC: UB  tm it:all best Tm:1dh 1dv cg  LBh  LBv

Fri Oct  7 17:11:55 2005
 inst  m   W   SVC: UB  tm it:all best Tm:1dh 1dv cg  LBh  LBv

Fri Oct  7 17:12:38 2005
 inst  m   W   SVC: UB  tm it:all best Tm:1dh 1dv cg  LBh  LBv

Fri Oct  7 17:12:51 2005
 inst  m   W   SVC: UB  tm it:all best Tm:1dh 1dv cg  LBh  LBv

Fri Oct  7 17:13:44 2005
 inst  m   W   SVC: UB  tm it:all best Tm:1dh 1dv cg  LBh  LBv

Fri Oct  7 17:15:11 2005
 inst  m   W   SVC: UB  tm it:all best Tm:1dh 1dv cg  LBh  LBv

Fri Oct  7 17:29:54 2005
 inst  m   W   SVC: UB  tm it:all best Tm:1dh 1dv cg  LBh  LBv
1 199 200 204 11.63 10000 3475 0 0 -2.14748e+07 0 0 
2 199 200 204 11.94 10000 1880 0 0 0 0 0 
3 199 200 204 11.58 10000 1206 0.01 0 0 0 0 
4 199 200 203 10.91 10000 4699 0 0 0 0 0 
5 199 200 205 12.16 10000 831 0 0 0 0 0 

Fri Oct  7 17:37:23 2005
 inst  m   W   SVC: UB  tm it:all best Tm:1dh 1dv cg  LBh  LBv
1 199 200 204 11.69 10000 3475 0 0 -2.14748e+07 0 0 

Fri Oct  7 17:44:09 2005
 inst  m   W   SVC: UB  tm it:all best Tm:1dh 1dv cg  LBh  LBv

Fri Oct  7 17:45:12 2005
 inst  m   W   SVC: UB  tm it:all best Tm:1dh 1dv cg  LBh  LBv
1 199 200 204 457.95 10000 261 0.01 0 -2.14748e+07 0 0 

Fri Oct  7 18:17:47 2005
 inst  m   W   SVC: UB  tm it:all best Tm:1dh 1dv cg  LBh  LBv

Sun Oct  9 16:37:55 2005
 inst  m   W   SVC: UB  tm it:all best Tm:1dh 1dv cg  LBh  LBv
1 199 200 204 18.53 10000 1286 0 0 -2.14748e+07 0 0 
2 199 200 204 18.83 10000 1186 0 0 0 0 0 
3 199 200 204 18.36 10000 2616 0 0 0.27 0 0 
4 199 200 204 17.63 10000 1255 0 0 0 0 0 
5 199 200 204 18.63 10000 4815 0 0 0 0 0 

Sun Oct  9 16:39:43 2005
 inst  m   W   SVC: UB  tm it:all best Tm:1dh 1dv cg  LBh  LBv
1 199 200 204 18.43 10000 2364 0 0 -2.14748e+07 0 0 
2 199 200 204 18.55 10000 3279 0 0 0.36 0 0 
3 199 200 204 18.32 10000 1764 0 0 0 0 0 
4 199 200 203 17.87 10000 5846 0 0 0 0 0 
5 199 200 204 18.94 10000 1307 0 0 0 0 0 

Sun Oct  9 16:43:24 2005
 inst  m   W   SVC: UB  tm it:all best Tm:1dh 1dv cg  LBh  LBv
1 199 200 204 28.39 10000 127 0 0 -2.14748e+07 0 0 
2 199 200 204 29.16 10000 2568 0 0 0.26 0 0 
3 199 200 204 28.04 10000 1143 0 0 0 0 0 
4 199 200 204 28.09 10000 360 0 0 0 0 0 
5 199 200 204 28.84 10000 2985 0 0 0 0 0 

Sun Oct  9 16:47:30 2005
 inst  m   W   SVC: UB  tm it:all best Tm:1dh 1dv cg  LBh  LBv
1 199 200 204 26.37 10000 129 0 0 -2.14748e+07 0 0 
2 199 200 204 26.67 10000 169 0 0 0.13 0 0 
3 199 200 205 26.47 10000 686 0 0 0.22 0 0 
4 199 200 204 25.87 10000 295 0 0 0 0 0 
5 199 200 204 26.8 10000 657 0 0 0 0 0 

Sun Oct  9 16:54:56 2005
 inst  m   W   SVC: UB  tm it:all best Tm:1dh 1dv cg  LBh  LBv
1 199 200 203 64.58 10000 795 0 0 -2.14748e+07 0 0 
2 199 200 203 64.75 10000 1410 0 0 0.09 0 0 
3 199 200 203 64.64 10000 2303 0 0 0.07 0 0 
4 199 200 203 66.4 10000 1041 0 0 0 0 0 
5 199 200 203 64.96 10000 979 0 0 0 0 0 

Sun Oct  9 17:17:18 2005
 inst  m   W   SVC: UB  tm it:all best Tm:1dh 1dv cg  LBh  LBv
1 199 200 202 69.28 10000 3001 0 0 -2.14748e+07 0 0 
2 199 200 203 68.96 10000 1000 0 0 0 0 0 
3 199 200 203 69.89 10000 2061 0 0 0 0 0 
4 199 200 202 70.53 10000 8893 0 0 0.11 0 0 
5 199 200 202 70.3 10000 4526 0 0 0 0 0 

Sun Oct  9 17:32:16 2005
 inst  m   W   SVC: UB  tm it:all best Tm:1dh 1dv cg  LBh  LBv
1 199 200 203 69.96 10000 1450 0 0 -2.14748e+07 0 0 
2 199 200 203 69.54 10000 1843 0 0 0.08 0 0 
3 199 200 203 70.27 10000 2698 0 0 0 0 0 
4 199 200 202 70.49 10000 2305 0 0 0 0 0 
5 199 200 203 70.84 10000 1793 0 0 0 0 0 

Sun Oct  9 17:39:43 2005
 inst  m   W   SVC: UB  tm it:all best Tm:1dh 1dv cg  LBh  LBv
1 199 200 204 73.19 10000 454 0 0 -2.14748e+07 0 0 
2 199 200 204 73.79 10000 5043 0 0 0.11 0 0 
3 199 200 205 74.72 10000 3900 0 0 0 0 0 
4 199 200 204 74.65 10000 4965 0 0 0 0 0 
5 199 200 203 75.87 10000 488 0 0 0 0 0 

Sun Oct  9 17:55:23 2005
 inst  m   W   SVC: UB  tm it:all best Tm:1dh 1dv cg  LBh  LBv
1 199 200 203 70.74 10000 333 0 0 -2.14748e+07 0 0 
2 199 200 203 69.18 10000 203 0 0 0 0 0 
3 199 200 203 70.18 10000 1959 0 0 0.1 0 0 
4 199 200 202 71.11 10000 3528 0 0 0.09 0 0 
5 199 200 202 70.63 10000 6233 0 0 0.07 0 0 

Sun Oct  9 18:02:26 2005
 inst  m   W   SVC: UB  tm it:all best Tm:1dh 1dv cg  LBh  LBv
1 199 200 202 69.38 10000 2735 0 0 -2.14748e+07 0 0 
2 199 200 203 69.14 10000 707 0 0 0 0 0 
3 199 200 203 70.74 10000 1515 0 0 0 0 0 
4 199 200 203 69.99 10000 331 0 0 0 0 0 
5 199 200 202 70.51 10000 7975 0 0 0.11 0 0 

Sun Oct  9 18:09:46 2005
 inst  m   W   SVC: UB  tm it:all best Tm:1dh 1dv cg  LBh  LBv
1 199 200 203 69.05 10000 1373 0 0 -2.14748e+07 0 0 
2 199 200 203 70.26 10000 1293 0 0 0 0 0 
3 199 200 203 70.9 10000 818 0 0 0 0 0 
4 199 200 203 70.3 10000 557 0 0 0 0 0 
5 199 200 203 71.39 10000 2586 0 0 0 0 0 

Sun Oct  9 18:16:46 2005
 inst  m   W   SVC: UB  tm it:all best Tm:1dh 1dv cg  LBh  LBv
1 199 200 202 71.33 10000 3706 0 0 -2.14748e+07 0 0 
2 199 200 202 70.98 10000 4316 0 0 0.09 0 0 
3 199 200 203 71.55 10000 523 0 0 0 0 0 
4 199 200 202 71.68 10000 3773 0 0 0 0 0 
5 199 200 202 71.26 10000 2228 0 0 0 0 0 

Sun Oct  9 18:23:52 2005
 inst  m   W   SVC: UB  tm it:all best Tm:1dh 1dv cg  LBh  LBv
1 199 200 202 71.4 10000 4681 0 0 -2.14748e+07 0 0 
2 199 200 202 71.38 10000 4340 0 0 0 0 0 
3 199 200 203 71.23 10000 1010 0 0 0 0 0 
4 199 200 202 71.56 10000 2782 0 0 0 0 0 
5 199 200 202 71.58 10000 3947 0 0 0 0 0 

Sun Oct  9 18:31:27 2005
 inst  m   W   SVC: UB  tm it:all best Tm:1dh 1dv cg  LBh  LBv
1 199 200 203 69.76 10000 932 0 0 -2.14748e+07 0 0 
2 199 200 202 69.13 10000 2777 0 0 0.1 0 0 
3 199 200 203 69.7 10000 887 0 0 0 0 0 
4 199 200 202 70.44 10000 4845 0 0 0.07 0 0 
5 199 200 203 70.38 10000 63 0 0 0 0 0 

Sun Oct  9 18:38:27 2005
 inst  m   W   SVC: UB  tm it:all best Tm:1dh 1dv cg  LBh  LBv
1 199 200 202 70.28 10000 2159 0 0 -2.14748e+07 0 0 
2 199 200 202 70.07 10000 4264 0 0 0.1 0 0 
3 199 200 203 70.64 10000 826 0 0 0 0 0 
4 199 200 202 70.15 10000 8641 0 0 0.1 0 0 
5 199 200 202 69.33 10000 3799 0 0 0 0 0 

Mon Oct 10 11:20:51 2005
 inst  m   W   SVC: UB  tm it:all best Tm:1dh 1dv cg  LBh  LBv
1 199 200 202 52.47 10000 2872 0 0 -2.14748e+07 0 0 
2 199 200 202 54 10000 851 0 0 0 0 0 
3 199 200 203 53.96 10000 1283 0 0 0 0 0 
4 199 200 202 50.65 10000 8051 0 0 0.15 0 0 
5 199 200 202 55.71 10000 2307 0 0 0 0 0 

Mon Oct 10 11:26:29 2005
 inst  m   W   SVC: UB  tm it:all best Tm:1dh 1dv cg  LBh  LBv
1 199 200 202 52.55 10000 2872 0 0 -2.14748e+07 0 0 
2 199 200 202 53.64 10000 851 0 0 0 0 0 
3 199 200 203 54.31 10000 1283 0 0 0 0 0 
4 199 200 202 50.47 10000 8051 0 0 0.15 0 0 
5 199 200 202 55.64 10000 2307 0 0 0 0 0 

Thu Oct 20 14:33:39 2005
 inst  m   W   SVC: UB  tm it:all best Tm:1dh 1dv cg  LBh  LBv

Thu Oct 20 14:36:27 2005
 inst  m   W   SVC: UB  tm it:all best Tm:1dh 1dv cg  LBh  LBv

Thu Oct 20 14:44:03 2005
 inst  m   W   SVC: UB  tm it:all best Tm:1dh 1dv cg  LBh  LBv
1 199 200 206 21.9 10000 4082 0 4.53634e-316 1.0578e-312 -1.07375e+09 0 
2 199 200 207 22.18 10000 117 0 4.53634e-316 1.0578e-312 -1.07375e+09 0 

Thu Oct 20 14:45:10 2005
 inst  m   W   SVC: UB  tm it:all best Tm:1dh 1dv cg  LBh  LBv
1 199 200 204 22.03 10000 1684 0 4.53634e-316 1.0578e-312 -1.07375e+09 0 
2 199 200 204 22.2 10000 4204 0 4.53634e-316 1.0578e-312 -1.07375e+09 0 
3 199 200 206 20.76 10000 25 0 4.53634e-316 1.0578e-312 -1.07375e+09 0 
4 199 200 204 21.74 10000 3364 0 4.53634e-316 1.0578e-312 -1.07375e+09 0 
5 199 200 205 21.98 10000 9 0 4.53634e-316 1.0578e-312 -1.07375e+09 0 
5 199 200 205 21.58 10000 9 0 4.53634e-316 1.0578e-312 -1.07375e+09 0 
5 199 200 205 375.17 10000 9 5.92879e-323 2.2233e-322 9.03617e-313 0 0 
5 199 200 205 21.57 10000 9 0 4.53634e-316 1.0578e-312 -1.07375e+09 0 

Thu Oct 20 15:54:32 2005
 inst  m   W   SVC: UB  tm it:all best Tm:1dh 1dv cg  LBh  LBv
1 199 200 204 37.8 10000 1262 0 4.53634e-316 1.17709e-312 -1.07375e+09 0 
2 199 200 204 36.51 10000 849 0 4.53634e-316 1.17709e-312 -1.07375e+09 0 
3 199 200 205 37.92 10000 996 0 4.53634e-316 1.17709e-312 -1.07375e+09 0 
4 199 200 204 38.16 10000 1470 0 4.53634e-316 1.17709e-312 -1.07375e+09 0 
5 199 200 205 36.82 10000 2318 0 4.53634e-316 1.17709e-312 -1.07375e+09 0 

Thu Oct 20 16:00:23 2005
 inst  m   W   SVC: UB  tm it:all best Tm:1dh 1dv cg  LBh  LBv
1 199 200 203 37.36 10000 7356 0 4.53634e-316 1.17709e-312 -1.07375e+09 0 
2 199 200 205 36.38 10000 1470 0 4.53634e-316 1.17709e-312 -1.07375e+09 0 
3 199 200 205 37.31 10000 1128 0 4.53634e-316 1.17709e-312 -1.07375e+09 0 
4 199 200 203 37.92 10000 9877 0 4.53634e-316 1.17709e-312 -1.07375e+09 0 
5 199 200 204 36.56 10000 5255 0 4.53634e-316 1.17709e-312 -1.07375e+09 0 

Thu Oct 20 16:06:18 2005
 inst  m   W   SVC: UB  tm it:all best Tm:1dh 1dv cg  LBh  LBv
1 199 200 204 37.36 10000 1262 0 4.53634e-316 1.17709e-312 -1.07375e+09 0 
2 199 200 204 36.03 10000 849 0 4.53634e-316 1.17709e-312 -1.07375e+09 0 
3 199 200 205 37.38 10000 996 0 4.53634e-316 1.17709e-312 -1.07375e+09 0 
4 199 200 204 37.97 10000 1470 0 4.53634e-316 1.17709e-312 -1.07375e+09 0 
5 199 200 205 36.48 10000 2318 0 4.53634e-316 1.17709e-312 -1.07375e+09 0 

Thu Oct 20 16:10:36 2005
 inst  m   W   SVC: UB  tm it:all best Tm:1dh 1dv cg  LBh  LBv
1 199 200 203 34.63 10000 1269 0 4.53634e-316 1.17709e-312 -1.07375e+09 0 
2 199 200 203 32.95 10000 7 0 4.53634e-316 1.17709e-312 -1.07375e+09 0 
3 199 200 204 35.05 10000 214 0 4.53634e-316 1.17709e-312 -1.07375e+09 0 
4 199 200 203 35.65 10000 6935 0 4.53634e-316 1.17709e-312 -1.07375e+09 0 
5 199 200 204 34.52 10000 3996 0 4.53634e-316 1.17709e-312 -1.07375e+09 0 

Thu Oct 20 16:14:32 2005
 inst  m   W   SVC: UB  tm it:all best Tm:1dh 1dv cg  LBh  LBv
1 199 200 203 34.72 10000 1269 0 4.53634e-316 1.17709e-312 -1.07375e+09 0 
2 199 200 203 33.19 10000 7 0 4.53634e-316 1.17709e-312 -1.07375e+09 0 
3 199 200 204 33.24 10000 214 0 4.53634e-316 1.17709e-312 -1.07375e+09 0 
4 199 200 203 35.49 10000 4204 0 4.53634e-316 1.17709e-312 -1.07375e+09 0 
5 199 200 204 33.86 10000 2732 0 4.53634e-316 1.17709e-312 -1.07375e+09 0 

Thu Oct 20 16:18:22 2005
 inst  m   W   SVC: UB  tm it:all best Tm:1dh 1dv cg  LBh  LBv
1 199 200 203 34.68 10000 1269 0 4.53634e-316 1.17709e-312 -1.07375e+09 0 
2 199 200 203 33.16 10000 7 0 4.53634e-316 1.17709e-312 -1.07375e+09 0 
3 199 200 204 33.26 10000 214 0 4.53634e-316 1.17709e-312 -1.07375e+09 0 
4 199 200 203 35.53 10000 4204 0 4.53634e-316 1.17709e-312 -1.07375e+09 0 
5 199 200 204 33.74 10000 2732 0 4.53634e-316 1.17709e-312 -1.07375e+09 0 

Thu Oct 20 16:21:11 2005
 inst  m   W   SVC: UB  tm it:all best Tm:1dh 1dv cg  LBh  LBv
1 199 200 203 487.02 10000 1441 5.92879e-323 2.2233e-322 9.03617e-313 0 0 
2 199 200 203 483.53 10000 7 5.92879e-323 2.2233e-322 9.03617e-313 0 0 
3 199 200 203 475 10000 2384 5.92879e-323 2.2233e-322 9.03617e-313 0 0 
4 199 200 203 466.49 10000 1107 5.92879e-323 2.2233e-322 9.03617e-313 0 0 
5 199 200 203 481.54 10000 212 5.92879e-323 2.2233e-322 9.03617e-313 0 0 

Thu Oct 20 17:02:21 2005
 inst  m   W   SVC: UB  tm it:all best Tm:1dh 1dv cg  LBh  LBv
1 199 200 203 625.88 10000 276 5.92879e-323 2.2233e-322 9.03617e-313 0 0 
2 199 200 202 611.06 10000 7496 5.92879e-323 2.2233e-322 9.03617e-313 0 0 
3 199 200 203 597.6 10000 915 5.92879e-323 2.2233e-322 9.03617e-313 0 0 
4 199 200 202 593.7 10000 2361 5.92879e-323 2.2233e-322 9.03617e-313 0 0 
5 199 200 203 619.44 10000 238 5.92879e-323 2.2233e-322 9.03617e-313 0 0 

Fri Oct 21 09:12:24 2005
 inst  m   W   SVC: UB  tm it:all best Tm:1dh 1dv cg  LBh  LBv
1 199 200 203 616.89 10000 276 5.92879e-323 2.2233e-322 9.03617e-313 0 0 
2 199 200 203 620.83 10000 207 5.92879e-323 2.2233e-322 9.03617e-313 0 0 
3 199 200 203 601.37 10000 915 5.92879e-323 2.2233e-322 9.03617e-313 0 0 
4 199 200 203 610.04 10000 343 5.92879e-323 2.2233e-322 9.03617e-313 0 0 
5 199 200 202 598.75 10000 7277 5.92879e-323 2.2233e-322 9.03617e-313 0 0 

Fri Oct 21 09:16:51 2005
 inst  m   W   SVC: UB  tm it:all best Tm:1dh 1dv cg  LBh  LBv

Fri Oct 21 12:02:43 2005
 inst  m   W   SVC: UB  tm it:all best Tm:1dh 1dv cg  LBh  LBv
1 199 200 202 448.6 10000 2638 5.92879e-323 2.2233e-322 9.03617e-313 0 0 
2 199 200 203 452.21 10000 7 5.92879e-323 2.2233e-322 9.03617e-313 0 0 
3 199 200 203 434.32 10000 2519 5.92879e-323 2.2233e-322 9.03617e-313 0 0 
4 199 200 203 431.74 10000 1107 5.92879e-323 2.2233e-322 9.03617e-313 0 0 
5 199 200 202 442.44 10000 7755 5.92879e-323 2.2233e-322 9.03617e-313 0 0 

Fri Oct 21 13:42:22 2005
 inst  m   W   SVC: UB  tm it:all best Tm:1dh 1dv cg  LBh  LBv

Fri Oct 21 14:29:49 2005
 inst  m   W   SVC: UB  tm it:all best Tm:1dh 1dv cg  LBh  LBv
1 199 200 202 451.6 10000 2638 5.92879e-323 2.2233e-322 9.03617e-313 0 0 
2 199 200 203 452.98 10000 7 5.92879e-323 2.2233e-322 9.03617e-313 0 0 
3 199 200 203 433.35 10000 2519 5.92879e-323 2.2233e-322 9.03617e-313 0 0 
4 199 200 203 427.85 10000 1107 5.92879e-323 2.2233e-322 9.03617e-313 0 0 
5 199 200 202 443.08 10000 7755 5.92879e-323 2.2233e-322 9.03617e-313 0 0 

Fri Oct 21 15:38:08 2005
 inst  m   W   SVC: UB  tm it:all best Tm:1dh 1dv cg  LBh  LBv

Fri Oct 21 15:59:19 2005
 inst  m   W   SVC: UB  tm it:all best Tm:1dh 1dv cg  LBh  LBv
1 199 200 203 45.77 10000 519 0 4.53634e-316 1.17709e-312 -1.07375e+09 0 
2 199 200 203 46.23 10000 7 0 4.53634e-316 1.17709e-312 -1.07375e+09 0 
3 199 200 203 47.57 10000 1771 0 4.53634e-316 1.17709e-312 -1.07375e+09 0 
4 199 200 203 46.95 10000 394 0 4.53634e-316 1.17709e-312 -1.07375e+09 0 
5 199 200 203 48.51 10000 629 0 4.53634e-316 1.17709e-312 -1.07375e+09 0 

Fri Oct 21 16:05:44 2005
 inst  m   W   SVC: UB  tm it:all best Tm:1dh 1dv cg  LBh  LBv
1 199 200 203 45.66 10000 519 0 4.53634e-316 1.17709e-312 -1.07375e+09 0 
2 199 200 203 45.5 10000 7 0 4.53634e-316 1.17709e-312 -1.07375e+09 0 
3 199 200 203 46.71 10000 6705 0 4.53634e-316 1.17709e-312 -1.07375e+09 0 
4 199 200 203 45.47 10000 394 0 4.53634e-316 1.17709e-312 -1.07375e+09 0 

Fri Oct 21 16:10:59 2005
 inst  m   W   SVC: UB  tm it:all best Tm:1dh 1dv cg  LBh  LBv
1 199 200 202 46.37 10000 2597 0 4.53634e-316 1.17709e-312 -1.07375e+09 0 
2 199 200 203 46.5 10000 587 0 4.53634e-316 1.17709e-312 -1.07375e+09 0 

Fri Oct 21 16:13:25 2005
 inst  m   W   SVC: UB  tm it:all best Tm:1dh 1dv cg  LBh  LBv
1 199 200 202 47.69 10000 3411 0 4.53634e-316 1.17709e-312 -1.07375e+09 0 
2 199 200 202 49.57 10000 4212 0 4.53634e-316 1.17709e-312 -1.07375e+09 0 
3 199 200 202 49.95 10000 6766 0 4.53634e-316 1.17709e-312 -1.07375e+09 0 
4 199 200 202 47.77 10000 2175 0 4.53634e-316 1.17709e-312 -1.07375e+09 0 
5 199 200 202 51.55 10000 9084 0 4.53634e-316 1.17709e-312 -1.07375e+09 0 

Fri Oct 21 16:53:48 2005
 inst  m   W   SVC: UB  tm it:all best Tm:1dh 1dv cg  LBh  LBv
1 199 200 202 47.95 10000 3411 0 4.53634e-316 1.17709e-312 -1.07375e+09 0 
2 199 200 202 48.93 10000 4212 0 4.53634e-316 1.17709e-312 -1.07375e+09 0 
3 199 200 202 50.2 10000 6766 0 4.53634e-316 1.17709e-312 -1.07375e+09 0 
4 199 200 202 47.48 10000 2175 0 4.53634e-316 1.17709e-312 -1.07375e+09 0 
5 199 200 202 51.73 10000 9084 0 4.53634e-316 1.17709e-312 -1.07375e+09 0 

Fri Oct 21 17:13:43 2005
 inst  m   W   SVC: UB  tm it:all best Tm:1dh 1dv cg  LBh  LBv
1 199 200 202 47.56 10000 3411 0 4.53634e-316 1.17709e-312 -1.07375e+09 0 
2 199 200 202 49.65 10000 4212 0 4.53634e-316 1.17709e-312 -1.07375e+09 0 
3 199 200 202 50.41 10000 6766 0 4.53634e-316 1.17709e-312 -1.07375e+09 0 
4 199 200 202 47.71 10000 2175 0 4.53634e-316 1.17709e-312 -1.07375e+09 0 
5 199 200 202 52.02 10000 9084 0 4.53634e-316 1.17709e-312 -1.07375e+09 0 

Fri Oct 21 17:42:38 2005
 inst  m   W   SVC: UB  tm it:all best Tm:1dh 1dv cg  LBh  LBv
1 199 200 203 41.79 10000 1198 0 4.53634e-316 1.17709e-312 -1.07375e+09 0 
2 199 200 203 41.94 10000 4171 0 4.53634e-316 1.17709e-312 -1.07375e+09 0 
3 199 200 204 41.27 10000 170 0 4.53634e-316 1.17709e-312 -1.07375e+09 0 
4 199 200 203 42.1 10000 922 0 4.53634e-316 1.17709e-312 -1.07375e+09 0 
5 199 200 204 43.16 10000 199 0 4.53634e-316 1.17709e-312 -1.07375e+09 0 

Fri Oct 21 17:48:54 2005
 inst  m   W   SVC: UB  tm it:all best Tm:1dh 1dv cg  LBh  LBv
1 199 200 204 23.4 10000 14 0 4.53634e-316 1.17709e-312 -1.07375e+09 0 
2 199 200 204 26.97 10000 1694 0 4.53634e-316 1.17709e-312 -1.07375e+09 0 
3 199 200 204 25.88 10000 411 0 4.53634e-316 1.17709e-312 -1.07375e+09 0 
4 199 200 203 25.46 10000 929 0 4.53634e-316 1.17709e-312 -1.07375e+09 0 
5 199 200 205 28.54 10000 253 0 4.53634e-316 1.17709e-312 -1.07375e+09 0 

Fri Oct 21 17:59:58 2005
 inst  m   W   SVC: UB  tm it:all best Tm:1dh 1dv cg  LBh  LBv
1 199 200 204 20.92 10000 14 0 4.53634e-316 1.23073e-312 -1.07375e+09 0 
2 199 200 204 23.77 10000 1694 0 4.53634e-316 1.23073e-312 -1.07375e+09 0 
3 199 200 204 23.02 10000 411 0 4.53634e-316 1.23073e-312 -1.07375e+09 0 
4 199 200 203 22.81 10000 929 0 4.53634e-316 1.23073e-312 -1.07375e+09 0 
5 199 200 205 25.16 10000 253 0 4.53634e-316 1.23073e-312 -1.07375e+09 0 

Fri Oct 21 18:01:57 2005
 inst  m   W   SVC: UB  tm it:all best Tm:1dh 1dv cg  LBh  LBv
1 199 200 204 20.41 10000 14 nan 2.06193e-306 1.1782e-307 8.16182e+06 1.07164e+09 
2 199 200 204 23.31 10000 1694 nan 2.06193e-306 1.1782e-307 8.16182e+06 1.07164e+09 
3 199 200 204 22.12 10000 411 nan 2.06193e-306 1.1782e-307 8.16182e+06 1.07164e+09 
4 199 200 203 21.81 10000 929 nan 2.06193e-306 1.1782e-307 8.16182e+06 1.07164e+09 
5 199 200 205 24.1 10000 253 nan 2.06193e-306 1.1782e-307 8.16182e+06 1.07164e+09 

Fri Oct 21 18:07:03 2005
 inst  m   W   SVC: UB  tm it:all best Tm:1dh 1dv cg  LBh  LBv
1 199 200 203 31.65 10000 4995 nan 2.06193e-306 1.1782e-307 8.16182e+06 1.07164e+09 
2 199 200 204 32.94 10000 975 nan 2.06193e-306 1.1782e-307 8.16182e+06 1.07164e+09 
3 199 200 204 32.33 10000 830 nan 2.06193e-306 1.1782e-307 8.16182e+06 1.07164e+09 
4 199 200 203 32.56 10000 3134 nan 2.06193e-306 1.1782e-307 8.16182e+06 1.07164e+09 
LBv
1 199 200 204 5.54 10000 5332 nan 4.98793e-307 1.1782e-307 6.01552e+06 1.07164e+09 
2 199 200 205 5.73 10000 1195 nan 4.98793e-307 1.1782e-307 6.01552e+06 1.07164e+09 
3 199 200 206 5.34 10000 1388 nan 4.98793e-307 1.1782e-307 6.01552e+06 1.07164e+09 
4 199 200 204 5.06 10000 7730 nan 4.98793e-307 1.1782e-307 6.01552e+06 1.07164e+09 
5 199 200 205 5.46 10000 4506 nan 4.98793e-307 1.1782e-307 6.01552e+06 1.07164e+09 

Fri Oct 21 18:10:04 2005
 inst  m   W   SVC: UB  tm it:all best Tm:1dh 1dv cg  LBh  LBv
1 199 200 204 20.45 10000 14 nan 4.98793e-307 1.1782e-307 6.01552e+06 1.07164e+09 
2 199 200 204 23.5 10000 1694 nan 4.98793e-307 1.1782e-307 6.01552e+06 1.07164e+09 
3 199 200 204 22.21 10000 411 nan 4.98793e-307 1.1782e-307 6.01552e+06 1.07164e+09 
4 199 200 203 21.87 10000 929 nan 4.98793e-307 1.1782e-307 6.01552e+06 1.07164e+09 
5 199 200 205 24.3 10000 253 nan 4.98793e-307 1.1782e-307 6.01552e+06 1.07164e+09 

Sun Oct 23 18:21:09 2005
 inst  m   W   SVC: UB  tm it:all best Tm:1dh 1dv cg  LBh  LBv
1 199 200 204 22.33 10000 14 nan 6.40089e-306 1.1782e-307 9.91901e+06 1.07164e+09 
2 199 200 204 25.48 10000 1694 nan 6.40089e-306 1.1782e-307 9.91901e+06 1.07164e+09 
3 199 200 204 24.06 10000 411 nan 6.40089e-306 1.1782e-307 9.91901e+06 1.07164e+09 
4 199 200 203 23.78 10000 929 nan 6.40089e-306 1.1782e-307 9.91901e+06 1.07164e+09 
5 199 200 205 26.45 10000 253 nan 6.40089e-306 1.1782e-307 9.91901e+06 1.07164e+09 

Sun Oct 23 18:23:59 2005
 inst  m   W   SVC: UB  tm it:all best Tm:1dh 1dv cg  LBh  LBv
1 199 200 203 197.21 100000 3233 nan 6.40089e-306 1.1782e-307 9.91901e+06 1.07164e+09 
2 199 200 204 220.25 100000 9 nan 6.40089e-306 1.1782e-307 9.91901e+06 1.07164e+09 
3 199 200 204 220.52 100000 250 nan 6.40089e-306 1.1782e-307 9.91901e+06 1.07164e+09 
4 199 200 202 198.98 100000 45654 nan 6.40089e-306 1.1782e-307 9.91901e+06 1.07164e+09 
5 199 200 204 237.17 100000 561 nan 6.40089e-306 1.1782e-307 9.91901e+06 1.07164e+09 

Sun Oct 23 18:41:53 2005
 inst  m   W   SVC: UB  tm it:all best Tm:1dh 1dv cg  LBh  LBv
1 199 200 203 222.67 100000 46472 nan 6.40089e-306 1.1782e-307 9.91901e+06 1.07164e+09 
2 199 200 204 254.74 100000 1694 nan 6.40089e-306 1.1782e-307 9.91901e+06 1.07164e+09 
3 199 200 204 240.29 100000 411 nan 6.40089e-306 1.1782e-307 9.91901e+06 1.07164e+09 
4 199 200 203 236.43 100000 929 nan 6.40089e-306 1.1782e-307 9.91901e+06 1.07164e+09 
5 199 200 204 263.21 100000 19148 nan 6.40089e-306 1.1782e-307 9.91901e+06 1.07164e+09 

Sun Oct 23 20:17:22 2005
 inst  m   W   SVC: UB  tm it:all best Tm:1dh 1dv cg  LBh  LBv

Sun Oct 23 20:19:33 2005
 inst  m   W   SVC: UB  tm it:all best Tm:1dh 1dv cg  LBh  LBv
1 199 200 203 43.34 10000 531 

Sun Oct 23 20:21:24 2005
 inst  m   W   SVC: UB  tm it:all best Tm:1dh 1dv cg  LBh  LBv
1 199 200 203 43.29 10000 736 
2 199 200 203 43.02 10000 1537 
3 199 200 204 42.83 10000 157 
4 199 200 203 43.98 10000 114 
5 199 200 203 44.6 10000 9598 

Sun Oct 23 20:26:19 2005
 inst  m   W   SVC: UB  tm it:all best Tm:1dh 1dv cg  LBh  LBv
1 199 200 203 43.68 10000 736 
2 199 200 203 43.26 10000 1537 
3 199 200 204 43.29 10000 157 
4 199 200 203 44.07 10000 114 
5 199 200 203 45.14 10000 9598 

Sun Oct 23 20:33:55 2005
 inst  m   W   SVC: UB  tm it:all best Tm:1dh 1dv cg  LBh  LBv
1 199 200 203 50.86 10000 1067 
2 199 200 202 51.12 10000 1635 
3 199 200 202 51.87 10000 8985 
4 199 200 202 50.15 10000 3796 
5 199 200 202 54.06 10000 2575 

Sun Oct 23 20:39:11 2005
 inst  m   W   SVC: UB  tm it:all best Tm:1dh 1dv cg  LBh  LBv
1 199 200 202 50.47 10000 6490 
2 199 200 202 51.31 10000 3350 
3 199 200 203 51.75 10000 841 
4 199 200 202 49.38 10000 4953 
5 199 200 202 54.35 10000 7747 

Sun Oct 23 20:45:35 2005
 inst  m   W   SVC: UB  tm it:all best Tm:1dh 1dv cg  LBh  LBv
1 199 200 203 49.63 10000 426 
2 199 200 203 50.48 10000 924 
3 199 200 203 50.14 10000 988 
4 199 200 202 47.94 10000 9171 
5 199 200 203 54.45 10000 493 

Sun Oct 23 20:50:48 2005
 inst  m   W   SVC: UB  tm it:all best Tm:1dh 1dv cg  LBh  LBv
1 199 200 202 49.69 10000 1259 
2 199 200 203 51.57 10000 3970 
3 199 200 203 50.39 10000 2529 
4 199 200 202 49.7 10000 4240 
5 199 200 202 53.6 10000 8760 

Sun Oct 23 20:56:03 2005
 inst  m   W   SVC: UB  tm it:all best Tm:1dh 1dv cg  LBh  LBv
1 199 200 202 50.66 10000 1609 
2 199 200 202 51.99 10000 2035 
3 199 200 203 52.76 10000 2010 
4 199 200 202 49.3 10000 3198 
5 199 200 202 54.12 10000 9775 

Sun Oct 23 21:02:39 2005
 inst  m   W   SVC: UB  tm it:all best Tm:1dh 1dv cg  LBh  LBv
1 199 200 202 51.42 10000 3436 
2 199 200 202 52.09 10000 1278 
3 199 200 202 51.65 10000 3218 
4 199 200 202 49.98 10000 4131 
5 199 200 202 53.72 10000 3480 

Sun Oct 23 21:18:01 2005
 inst  m   W   SVC: UB  tm it:all best Tm:1dh 1dv cg  LBh  LBv
1 199 200 202 50.94 10000 3135 
2 199 200 202 51.53 10000 2255 
3 199 200 202 52.27 10000 1546 
4 199 200 202 50.26 10000 9741 
5 199 200 202 54.16 10000 647 

Sun Oct 23 21:23:19 2005
 inst  m   W   SVC: UB  tm it:all best Tm:1dh 1dv cg  LBh  LBv
1 199 200 202 50.49 10000 4661 
2 199 200 202 51.21 10000 1481 
3 199 200 203 52.31 10000 898 
4 199 200 202 49.62 10000 7830 
5 199 200 202 53.58 10000 3786 

Sun Oct 23 21:28:35 2005
 inst  m   W   SVC: UB  tm it:all best Tm:1dh 1dv cg  LBh  LBv
1 199 200 202 50.82 10000 9118 
2 199 200 202 51.07 10000 3058 
3 199 200 203 51.82 10000 845 
4 199 200 202 49.29 10000 1889 
5 199 200 202 53.33 10000 4975 

Mon Oct 24 10:08:42 2005
 inst  m   W   SVC: UB  tm it:all best Tm:1dh 1dv cg  LBh  LBv
1 199 200 202 50.28 10000 4632 
2 199 200 203 51.14 10000 293 
3 199 200 202 52.25 10000 3778 
4 199 200 202 49.57 10000 4598 
5 199 200 202 53.75 10000 4072 

Mon Oct 24 11:21:05 2005
 inst  m   W   SVC: UB  tm it:all best Tm:1dh 1dv cg  LBh  LBv
1 199 200 202 50.57 10000 3436 
2 199 200 202 50.95 10000 1278 
3 199 200 202 51.19 10000 3218 
4 199 200 202 49.02 10000 4131 
5 199 200 202 53.18 10000 3480 

Mon Oct 24 11:26:23 2005
 inst  m   W   SVC: UB  tm it:all best Tm:1dh 1dv cg  LBh  LBv
1 199 200 202 49.8 10000 9364 
2 199 200 202 50.68 10000 8029 
3 199 200 203 50.28 10000 2942 
4 199 200 203 49.11 10000 597 
5 199 200 203 51.77 10000 1186 

Mon Oct 24 11:42:35 2005
 inst  m   W   SVC: UB  tm it:all best Tm:1dh 1dv cg  LBh  LBv
1 199 200 203 51.43 10000 174 
2 199 200 203 51.03 10000 734 
3 199 200 203 52.55 10000 2678 
4 199 200 202 49.14 10000 1279 
5 199 200 202 54.22 10000 2406 

Mon Oct 24 11:48:43 2005
 inst  m   W   SVC: UB  tm it:all best Tm:1dh 1dv cg  LBh  LBv
1 199 200 203 49.75 10000 1920 
2 199 200 202 49.9 10000 9737 
3 199 200 202 51.47 10000 7453 
4 199 200 202 50.03 10000 3419 
5 199 200 202 53.44 10000 9782 

Mon Oct 24 11:59:20 2005
 inst  m   W   SVC: UB  tm it:all best Tm:1dh 1dv cg  LBh  LBv
1 199 200 202 50.59 10000 3831 
2 199 200 202 51.47 10000 3629 
3 199 200 203 51.9 10000 956 
4 199 200 202 49.12 10000 1782 
5 199 200 202 53.27 10000 3900 

Mon Oct 24 12:04:57 2005
 inst  m   W   SVC: UB  tm it:all best Tm:1dh 1dv cg  LBh  LBv
1 199 200 202 50.12 10000 3827 
2 199 200 202 50.58 10000 225 
3 199 200 203 51.63 10000 841 
4 199 200 202 48.19 10000 148 
5 199 200 203 52.81 10000 401 

Mon Oct 24 12:10:57 2005
 inst  m   W   SVC: UB  tm it:all best Tm:1dh 1dv cg  LBh  LBv
1 199 200 202 50.69 10000 3436 
2 199 200 202 51.22 10000 1278 
3 199 200 202 51.21 10000 3218 
4 199 200 202 49.01 10000 4131 
5 199 200 202 52.63 10000 3480 

Mon Oct 24 17:24:06 2005
 inst  m   W   SVC: UB  tm it:all best Tm:1dh 1dv cg  LBh  LBv
1 199 200 203 49.41 10000 187 
2 199 200 202 50.04 10000 1278 
3 199 200 203 50.05 10000 1160 
4 199 200 203 47.7 10000 1014 
5 199 200 203 52.7 10000 206 

Tue Oct 25 20:25:24 2005
 inst  m   W   SVC: UB  tm it:all best gap0%  tm_best
1 17 200 211 9.31 100000 98485 5.5 9.16895 
2 17 200 229 8.7 100000 6 14.5 0.000522 
3 17 200 230 9.34 100000 5 15 0.000467 
4 17 200 247 9.51 100000 3 23.5 0.0002853 
5 17 200 200 9.83 100000 297 0 0.0291951 
6 25 200 208 16.41 100000 4846 4 0.795229 
7 25 200 211 16.86 100000 89 5.5 0.0150054 
8 25 200 220 20.25 100000 445 10 0.0901125 
9 25 200 215 18.9 100000 34 7.5 0.006426 
10 25 200 211 19.36 100000 517 5.5 0.100091 
11 29 200 209 25.26 100000 20707 4.5 5.23059 
12 29 200 211 21.79 100000 19250 5.5 4.19457 
13 29 200 213 23.92 100000 13263 6.5 3.17251 
14 29 200 209 22.45 100000 117 4.5 0.0262665 
15 29 200 214 23.05 100000 60 7 0.01383 
16 49 200 208 53.06 100000 186 4 0.0986916 
17 49 200 208 52.06 100000 18083 4 9.41401 
18 49 200 209 48.59 100000 299 4.5 0.145284 
19 49 200 208 54.18 100000 2231 4 1.20876 
20 49 200 209 50.55 100000 42679 4.5 21.5742 
21 73 200 205 92.15 100000 6744 2.5 6.2146 
22 73 200 207 95.65 100000 2599 3.5 2.48594 
23 73 200 206 93.93 100000 2083 3 1.95656 
24 73 200 206 101.14 100000 4941 3 4.99733 
25 73 200 206 97.72 100000 21130 3 20.6482 
26 97 200 203 153.11 100000 46529 1.5 71.2406 
27 97 200 204 148.36 100000 4808 2 7.13315 
28 97 200 205 148.42 100000 12811 2.5 19.0141 
29 97 200 205 153.7 100000 1341 2.5 2.06112 
30 97 200 204 152.1 100000 6104 2 9.28418 
31 199 200 202 551.94 100000 3436 1 18.9647 
32 199 200 202 571.01 100000 1278 1 7.29751 
33 199 200 202 567.01 100000 3218 1 18.2464 
34 199 200 202 563.12 100000 4131 1 23.2625 
35 199 200 202 582.93 100000 3480 1 20.286 

Wed Oct 26 11:41:04 2005
 inst  m   W   SVC: UB  tm it:all best gap%  tm_best
1 17 200 211 3.3 100000 10212 5.5 0.34 
2 17 200 227 3.1 100000 77040 14 2.4 
3 17 200 207 3.5 100000 675 3.5 0.024 
4 17 200 207 3.6 100000 60 3.5 0.0022 
5 17 200 232 3.1 100000 11 16 0.00035 
6 25 200 213 5.1 100000 3622 6.5 0.18 
7 25 200 212 5.4 100000 31739 6 1.7 
8 25 200 211 5.8 100000 176 5.5 0.01 
9 25 200 207 5.4 100000 28330 3.5 1.5 
10 25 200 210 5.5 100000 16050 5 0.89 
11 29 200 211 6.9 100000 26514 5.5 1.8 
12 29 200 215 6.9 100000 6628 7.5 0.45 
13 29 200 209 6.9 100000 13394 4.5 0.92 
14 29 200 210 6.5 100000 9604 5 0.63 
15 29 200 211 7.1 100000 81579 5.5 5.8 
16 49 200 206 12 100000 74312 3 9.2 
17 49 200 208 12 100000 15047 4 1.8 
18 49 200 208 13 100000 61961 4 8.1 
19 49 200 209 12 100000 307 4.5 0.038 
20 49 200 209 14 100000 3232 4.5 0.44 
21 73 200 207 23 100000 64309 3.5 15 
22 73 200 206 21 100000 55487 3 12 
23 73 200 206 21 100000 46293 3 9.6 
24 73 200 207 24 100000 24580 3.5 5.8 
25 73 200 206 22 100000 16285 3 3.6 
26 97 200 205 33 100000 13765 2.5 4.5 
27 97 200 205 32 100000 11535 2.5 3.7 
28 97 200 205 31 100000 6354 2.5 2 
29 97 200 206 31 100000 5410 3 1.7 
30 97 200 207 31 100000 117 3.5 0.036 
31 199 200 205 76 100000 100 2.5 0.076 
32 199 200 204 77 100000 1241 2 0.95 
33 199 200 205 71 100000 456 2.5 0.33 
34 199 200 204 68 100000 9499 2 6.4 
35 199 200 205 77 100000 228 2.5 0.18 

Wed Oct 26 12:50:37 2005
 inst  m   W   SVC: UB  tm it:all best gap%  tm_best
1 17 200 217 0.95 10000 5160 8.5 0.49 
2 17 200 216 0.89 10000 847 8 0.075 
3 17 200 218 0.94 10000 5003 9 0.47 
4 17 200 247 0.9 10000 3 24 0.00027 
5 17 200 221 0.97 10000 5049 10 0.49 
6 25 200 208 1.6 10000 1684 4 0.27 
7 25 200 211 1.6 10000 143 5.5 0.023 
8 25 200 212 1.9 10000 5942 6 1.1 
9 25 200 212 1.9 10000 1995 6 0.38 
10 25 200 210 1.8 10000 1429 5 0.26 
11 29 200 209 2.5 10000 402 4.5 0.1 
12 29 200 214 2.2 10000 1079 7 0.24 
13 29 200 211 2.3 10000 3360 5.5 0.78 
14 29 200 209 2.2 10000 8203 4.5 1.8 
15 29 200 214 2.3 10000 202 7 0.046 
16 49 200 208 5 10000 6841 4 3.4 
17 49 200 208 5.1 10000 497 4 0.25 
18 49 200 208 4.8 10000 9004 4 4.3 
19 49 200 207 5.2 10000 3846 3.5 2 
20 49 200 208 5 10000 1097 4 0.55 
21 73 200 205 8.8 10000 7482 2.5 6.6 
22 73 200 207 9.2 10000 213 3.5 0.2 
23 73 200 207 9.2 10000 1456 3.5 1.3 
24 73 200 206 9.9 10000 2711 3 2.7 
25 73 200 206 9.4 10000 8944 3 8.4 
26 97 200 204 15 10000 3696 2 5.4 
27 97 200 204 14 10000 7103 2 10 
28 97 200 206 14 10000 1573 3 2.2 
29 97 200 204 15 10000 3000 2 4.4 
30 97 200 204 15 10000 9120 2 14 
31 199 200 203 51 10000 718 1.5 3.7 
32 199 200 202 52 10000 2562 1 13 
33 199 200 202 52 10000 8268 1 43 
34 199 200 202 49 10000 504 1 2.5 
35 199 200 203 54 10000 492 1.5 2.6 

Wed Oct 26 14:27:57 2005
 inst  m   W   SVC: UB  tm it:all best gap%  tm_best
1 17 200 211 9.7 100000 40008 5.5 3.9 
2 17 200 200 11 100000 40315 0 4.2 
3 17 200 218 8.8 100000 5005 9 0.44 
4 17 200 209 9.6 100000 80009 4.5 7.7 
5 17 200 200 9.6 100000 5160 0 0.49 
6 25 200 207 16 100000 45306 3.5 7.4 
7 25 200 211 17 100000 305 5.5 0.051 
8 25 200 209 19 100000 15529 4.5 2.9 
9 25 200 208 19 100000 10197 4 2 
10 25 200 210 18 100000 3058 5 0.56 
11 29 200 209 25 100000 613 4.5 0.15 
12 29 200 213 22 100000 10052 6.5 2.3 
13 29 200 208 25 100000 36548 4 9 
14 29 200 209 22 100000 51961 4.5 11 
15 29 200 209 23 100000 40114 4.5 9.2 
16 49 200 207 52 100000 70277 3.5 36 
17 49 200 206 50 100000 30976 3 16 
18 49 200 207 48 100000 40298 3.5 19 
19 49 200 207 52 100000 65040 3.5 34 
20 49 200 207 50 100000 49411 3.5 25 
21 73 200 205 91 100000 53565 2.5 49 
22 73 200 205 92 100000 205 2.5 0.19 
23 73 200 205 92 100000 28965 2.5 27 
24 73 200 206 1e+02 100000 1607 3 1.6 
25 73 200 204 95 100000 83594 2 80 
26 97 200 203 1.5e+02 100000 67713 1.5 98 
27 97 200 204 1.4e+02 100000 747 2 1.1 
28 97 200 205 1.4e+02 100000 1686 2.5 2.4 
29 97 200 204 1.4e+02 100000 4340 2 6.3 
30 97 200 204 1.5e+02 100000 66327 2 1e+02 
31 199 200 202 5.1e+02 100000 40745 1 2.1e+02 
32 199 200 202 5.1e+02 100000 4004 1 21 
33 199 200 202 5.2e+02 100000 4881 1 25 
34 199 200 202 5e+02 100000 8933 1 45 
35 199 200 202 5.3e+02 100000 23686 1 1.3e+02 

Wed Oct 26 16:10:50 2005
 inst  m   W   SVC: UB  tm it:all best gap%  tm_best
1 17 200 220 1 10000 114 10 0.012 
2 17 200 216 0.96 10000 847 8 0.081 
3 17 200 229 0.91 10000 67 14 0.0061 
4 17 200 247 0.94 10000 3 24 0.00028 
5 17 200 229 0.98 10000 3 14 0.00029 
6 25 200 208 1.6 10000 1684 4 0.27 
7 25 200 211 1.6 10000 143 5.5 0.023 
8 25 200 214 2 10000 84 7 0.016 
9 25 200 212 2 10000 1995 6 0.39 
10 25 200 210 1.8 10000 1429 5 0.26 
11 29 200 209 2.5 10000 402 4.5 0.1 
12 29 200 214 2.2 10000 1079 7 0.24 
13 29 200 211 2.3 10000 3360 5.5 0.79 
14 29 200 212 2.2 10000 2034 6 0.46 
15 29 200 214 2.3 10000 202 7 0.047 
16 49 200 209 5.1 10000 1349 4.5 0.69 
17 49 200 207 5.2 10000 6505 3.5 3.4 
18 49 200 209 4.8 10000 972 4.5 0.47 
19 49 200 207 5.3 10000 3846 3.5 2.1 
20 49 200 208 5 10000 1097 4 0.55 
21 73 200 206 9.1 10000 2037 3 1.9 
22 73 200 207 9.2 10000 213 3.5 0.2 
23 73 200 207 9.3 10000 1456 3.5 1.3 
24 73 200 206 10 10000 2711 3 2.7 
25 73 200 207 9.6 10000 454 3.5 0.44 
26 97 200 204 14 10000 3696 2 5.4 
27 97 200 205 14 10000 5139 2.5 7.4 
28 97 200 205 14 10000 5259 2.5 7.6 
29 97 200 204 15 10000 3000 2 4.4 
30 97 200 205 15 10000 197 2.5 0.3 
31 199 200 202 52 10000 6443 1 33 
32 199 200 202 53 10000 2562 1 14 
33 199 200 203 53 10000 389 1.5 2 
34 199 200 202 52 10000 504 1 2.6 
35 199 200 202 55 10000 5786 1 32 

Wed Oct 26 16:33:38 2005
 inst  m   W   SVC: UB  tm it:all best gap%  tm_best
1 17 200 220 0.97 10000 19 10 0.0018 
2 17 200 228 0.91 10000 22 14 0.002 
3 17 200 218 0.89 10000 14 9 0.0012 
4 17 200 247 0.91 10000 3 24 0.00027 
5 17 200 232 0.98 10000 127 16 0.012 
6 25 200 208 1.7 10000 2695 4 0.45 
7 25 200 211 1.7 10000 113 5.5 0.019 
8 25 200 213 2 10000 721 6.5 0.14 
9 25 200 213 1.9 10000 22 6.5 0.0042 
10 25 200 211 1.9 10000 127 5.5 0.024 
11 29 200 209 2.5 10000 62 4.5 0.016 
12 29 200 211 2.2 10000 1152 5.5 0.25 
13 29 200 211 2.4 10000 35 5.5 0.0083 
14 29 200 209 2.2 10000 549 4.5 0.12 
15 29 200 213 2.3 10000 6574 6.5 1.5 
16 49 200 209 5.1 10000 298 4.5 0.15 
17 49 200 207 5.1 10000 1873 3.5 0.95 
18 49 200 207 4.9 10000 1909 3.5 0.93 
19 49 200 207 5.3 10000 5540 3.5 3 
20 49 200 209 5 10000 5178 4.5 2.6 
21 73 200 206 8.9 10000 7363 3 6.6 
22 73 200 205 9.1 10000 1079 2.5 0.98 
23 73 200 206 9.2 10000 3044 3 2.8 
24 73 200 206 10 10000 7740 3 7.7 
25 73 200 206 9.4 10000 232 3 0.22 
26 97 200 204 15 10000 1994 2 2.9 
27 97 200 205 14 10000 1038 2.5 1.5 
28 97 200 206 14 10000 1007 3 1.4 
29 97 200 204 15 10000 575 2 0.84 
30 97 200 205 15 10000 1273 2.5 1.9 
31 199 200 202 52 10000 8024 1 41 
32 199 200 202 53 10000 6169 1 32 
33 199 200 203 54 10000 1365 1.5 7.4 
34 199 200 202 50 10000 3004 1 15 
35 199 200 202 54 10000 2652 1 14 

Thu Oct 27 11:24:19 2005
 inst  m   W   SVC: UB  tm it:all best gap%  tm_best
1 17 200 220 1 10000 333 10 0.034 
2 17 200 219 1 10000 896 9.5 0.093 
3 17 200 218 0.88 10000 12 9 0.0011 
4 17 200 207 0.94 10000 12 3.5 0.0011 
5 17 200 231 0.95 10000 64 16 0.0061 
6 25 200 213 1.6 10000 9099 6.5 1.5 
7 25 200 220 1.7 10000 80 10 0.014 
8 25 200 212 2 10000 1594 6 0.31 
9 25 200 214 1.9 10000 2693 7 0.52 
10 25 200 210 1.8 10000 3683 5 0.65 
11 29 200 212 2.5 10000 306 6 0.076 
12 29 200 220 2.3 10000 100 10 0.023 
13 29 200 208 2.4 10000 331 4 0.078 
14 29 200 215 2.1 10000 972 7.5 0.2 
15 29 200 212 2.3 10000 620 6 0.14 
16 49 200 208 5.2 10000 763 4 0.39 
17 49 200 206 5.1 10000 511 3 0.26 
18 49 200 210 4.9 10000 4288 5 2.1 
19 49 200 209 5.2 10000 661 4.5 0.34 
20 49 200 210 5.1 10000 1473 5 0.75 
21 73 200 207 9.1 10000 1219 3.5 1.1 
22 73 200 207 9.3 10000 715 3.5 0.67 
23 73 200 207 9 10000 1368 3.5 1.2 
24 73 200 207 10 10000 405 3.5 0.41 
25 73 200 206 9.3 10000 2189 3 2 
26 97 200 204 14 10000 1208 2 1.7 
27 97 200 206 14 10000 1640 3 2.3 
28 97 200 205 14 10000 9395 2.5 13 
29 97 200 205 15 10000 1355 2.5 2 
30 97 200 206 15 10000 411 3 0.63 
31 199 200 203 51 10000 282 1.5 1.4 
32 199 200 202 51 10000 2589 1 13 
33 199 200 203 54 10000 3058 1.5 16 
34 199 200 203 49 10000 2056 1.5 10 
35 199 200 204 53 10000 447 2 2.4 

Thu Oct 27 11:55:29 2005
 inst  m   W   SVC: UB  tm it:all best gap%  tm_best
1 17 200 212 0.92 10000 3843 6 0.35 
2 17 200 216 1.1 10000 222 8 0.023 
3 17 200 218 0.84 10000 2 9 0.00017 
4 17 200 247 0.96 10000 3 24 0.00029 
5 17 200 229 0.9 10000 88 14 0.0079 
6 25 200 214 1.6 10000 982 7 0.16 
7 25 200 211 1.7 10000 1101 5.5 0.19 
8 25 200 212 1.9 10000 277 6 0.052 
9 25 200 212 1.9 10000 96 6 0.018 
10 25 200 211 1.8 10000 309 5.5 0.056 
11 29 200 211 2.6 10000 872 5.5 0.23 
12 29 200 212 2.3 10000 7 6 0.0016 
13 29 200 210 2.5 10000 158 5 0.039 
14 29 200 213 2.3 10000 661 6.5 0.15 
15 29 200 212 2.3 10000 304 6 0.071 
16 49 200 208 5.2 10000 462 4 0.24 
17 49 200 206 5.1 10000 34 3 0.017 
18 49 200 208 5 10000 240 4 0.12 
19 49 200 205 5.2 10000 4754 2.5 2.5 
20 49 200 208 4.9 10000 231 4 0.11 
21 73 200 205 9.3 10000 6544 2.5 6.1 
22 73 200 205 9.4 10000 145 2.5 0.14 
23 73 200 206 9.4 10000 1550 3 1.5 
24 73 200 206 10 10000 2392 3 2.4 
25 73 200 206 9.6 10000 598 3 0.57 
26 97 200 203 15 10000 5199 1.5 8 
27 97 200 204 15 10000 2402 2 3.5 
28 97 200 205 15 10000 3385 2.5 4.9 
29 97 200 204 15 10000 2463 2 3.7 
30 97 200 204 15 10000 3535 2 5.4 
31 199 200 202 54 10000 3799 1 20 
32 199 200 202 55 10000 2514 1 14 
33 199 200 202 55 10000 2656 1 15 
34 199 200 202 53 10000 3624 1 19 
35 199 200 202 56 10000 2748 1 15 

Thu Oct 27 12:35:17 2005
 inst  m   W   SVC: UB  tm it:all best gap%  tm_best
1 17 200 215 1 10000 255 7.5 0.026 
2 17 200 216 1 10000 841 8 0.087 
3 17 200 218 0.95 10000 11 9 0.001 
4 17 200 214 0.96 10000 4 7 0.00038 
5 17 200 228 1 10000 1098 14 0.11 
6 25 200 208 1.6 10000 1764 4 0.29 
7 25 200 211 1.7 10000 260 5.5 0.044 
8 25 200 212 1.9 10000 137 6 0.026 
9 25 200 211 1.9 10000 894 5.5 0.17 
10 25 200 210 1.9 10000 147 5 0.027 
11 29 200 210 2.5 10000 250 5 0.062 
12 29 200 213 2.2 10000 423 6.5 0.095 
13 29 200 210 2.5 10000 1015 5 0.25 
14 29 200 214 2.2 10000 62 7 0.014 
15 29 200 212 2.3 10000 2310 6 0.53 
16 49 200 208 5.3 10000 207 4 0.11 
17 49 200 208 5.1 10000 409 4 0.21 
18 49 200 209 4.8 10000 80 4.5 0.039 
19 49 200 208 5.1 10000 642 4 0.33 
20 49 200 209 5.1 10000 7977 4.5 4.1 
21 73 200 206 9.1 10000 2131 3 1.9 
22 73 200 206 9.1 10000 9097 3 8.3 
23 73 200 206 9.2 10000 2131 3 2 
24 73 200 206 10 10000 2028 3 2.1 
25 73 200 205 9.5 10000 7733 2.5 7.4 
26 97 200 204 14 10000 6063 2 8.7 
27 97 200 205 15 10000 2947 2.5 4.3 
28 97 200 205 14 10000 4378 2.5 6.2 
29 97 200 204 15 10000 2172 2 3.2 
30 97 200 206 15 10000 33 3 0.05 
31 199 200 202 52 10000 3085 1 16 
32 199 200 203 52 10000 172 1.5 0.89 
33 199 200 202 54 10000 8836 1 48 
34 199 200 202 52 10000 6199 1 32 
35 199 200 202 54 10000 7668 1 41 

Thu Oct 27 12:49:32 2005
 inst  m   W   SVC: UB  tm it:all best gap%  tm_best

Thu Oct 27 12:51:09 2005
 inst  m   W   SVC: UB  tm it:all best gap%  tm_best

Thu Oct 27 12:52:26 2005
 inst  m   W   SVC: UB  it_best/all tm_best/all gap%

Thu Oct 27 12:53:10 2005
 inst  m   W   SVC: UB  it_best/all tm_best/all gap%

Thu Oct 27 12:56:11 2005
 inst  m   W   SVC: UB  it_best/all tm_best/all gap%

Thu Oct 27 12:57:01 2005
 inst  m   W   SVC: UB  it_best/all tm_best/all gap%

Thu Oct 27 13:08:39 2005
 inst  m   W   SVC: UB  it_best/all tm_best/all gap%
1 17 200 212 598 10000 0.0556 0.93 6 
2 17 200 216 902 10000 0.0965 1.07 8 
3 17 200 218 16 10000 0.00136 0.85 9 
4 17 200 247 3 10000 0.000288 0.96 24 
5 17 200 221 122 10000 0.0123 1.01 10 
6 25 200 208 3697 10000 0.614 1.66 4 
7 25 200 211 414 10000 0.0696 1.68 5.5 
8 25 200 212 1101 10000 0.212 1.93 6 
9 25 200 211 568 10000 0.109 1.92 5.5 
10 25 200 210 304 10000 0.0535 1.76 5 
11 29 200 211 84 10000 0.0211 2.51 5.5 
12 29 200 215 93 10000 0.0212 2.28 7.5 
13 29 200 209 1472 10000 0.372 2.53 4.5 
14 29 200 214 1401 10000 0.308 2.2 7 
15 29 200 212 853 10000 0.198 2.32 6 
16 49 200 208 1185 10000 0.606 5.11 4 

Thu Oct 27 13:18:22 2005
 inst  m   W   SVC: UB  it_best/all tm_best/all gap%
1 17 200 217 6 10000 0.00063 1.05 8.5 
2 17 200 216 2122 10000 0.221 1.04 8 
3 17 200 218 12 10000 0.00101 0.84 9 
4 17 200 210 6 10000 0.000558 0.93 5 
5 17 200 221 307 10000 0.0295 0.96 10 
6 25 200 210 651 10000 0.105 1.61 5 
7 25 200 215 125 10000 0.0209 1.67 7.5 
8 25 200 212 249 10000 0.0458 1.84 6 
9 25 200 211 1116 10000 0.211 1.89 5.5 
10 25 200 211 265 10000 0.0493 1.86 5.5 
11 29 200 209 4816 10000 1.16 2.41 4.5 
12 29 200 215 169 10000 0.0389 2.3 7.5 
13 29 200 207 170 10000 0.0427 2.51 3.5 
14 29 200 211 3009 10000 0.668 2.22 5.5 
15 29 200 210 5595 10000 1.26 2.25 5 
16 49 200 208 634 10000 0.323 5.1 4 
17 49 200 208 166 10000 0.084 5.06 4 
18 49 200 209 5439 10000 2.64 4.85 4.5 
19 49 200 207 6351 10000 3.32 5.23 3.5 
20 49 200 209 2203 10000 1.13 5.11 4.5 
21 73 200 206 1097 10000 0.997 9.09 3 
22 73 200 205 3330 10000 3.06 9.2 2.5 
23 73 200 205 6782 10000 6.29 9.28 2.5 
24 73 200 206 5935 10000 5.92 9.97 3 
25 73 200 205 1731 10000 1.64 9.47 2.5 
26 97 200 204 2049 10000 3.01 14.7 2 
27 97 200 204 3554 10000 5.08 14.3 2 
28 97 200 206 45 10000 0.0648 14.4 3 
29 97 200 204 8656 10000 13 15 2 
30 97 200 205 1298 10000 1.99 15.3 2.5 
31 199 200 202 6585 10000 34.4 52.2 1 
32 199 200 202 4122 10000 21.5 52.1 1 
33 199 200 203 931 10000 4.91 52.8 1.5 
34 199 200 202 6343 10000 32.5 51.2 1 
35 199 200 202 6030 10000 32.8 54.5 1 

Thu Oct 27 13:39:56 2005
 inst  m   W   SVC: UB  it_best/all tm_best/all gap%
1 17 200 220 90 10000 0.009 1 10 
2 17 200 216 10 10000 0.00105 1.05 8 
3 17 200 229 2 10000 0.00017 0.85 14 
4 17 200 214 4 10000 0.000368 0.92 7 
5 17 200 217 80 10000 0.00752 0.94 8.5 
6 25 200 208 142 10000 0.0234 1.65 4 
7 25 200 215 65 10000 0.0112 1.73 7.5 
8 25 200 212 80 10000 0.0148 1.85 6 
9 25 200 211 429 10000 0.0841 1.96 5.5 
10 25 200 210 3534 10000 0.629 1.78 5 
11 29 200 210 88 10000 0.0216 2.46 5 
12 29 200 213 127 10000 0.0279 2.2 6.5 
13 29 200 210 4165 10000 1.01 2.42 5 
14 29 200 214 21 10000 0.00449 2.14 7 
15 29 200 211 386 10000 0.0888 2.3 5.5 
16 49 200 208 205 10000 0.106 5.17 4 
17 49 200 207 52 10000 0.0261 5.01 3.5 
18 49 200 209 671 10000 0.328 4.89 4.5 
19 49 200 208 1052 10000 0.542 5.15 4 
20 49 200 208 5611 10000 2.83 5.05 4 
21 73 200 206 6178 10000 5.72 9.26 3 
22 73 200 206 872 10000 0.799 9.16 3 
23 73 200 205 2864 10000 2.64 9.22 2.5 
24 73 200 206 2202 10000 2.18 9.9 3 
25 73 200 205 2755 10000 2.61 9.46 2.5 
26 97 200 205 244 10000 0.357 14.6 2.5 
27 97 200 205 4255 10000 6.05 14.2 2.5 
28 97 200 205 2490 10000 3.51 14.1 2.5 
29 97 200 204 5419 10000 8.01 14.8 2 
30 97 200 204 4984 10000 7.5 15 2 
31 199 200 203 1095 10000 5.63 51.4 1.5 
32 199 200 202 1835 10000 9.54 52 1 
33 199 200 203 1511 10000 8.05 53.2 1.5 
34 199 200 202 7242 10000 36.5 50.4 1 
35 199 200 203 611 10000 3.22 52.8 1.5 

Thu Oct 27 13:52:07 2005
inst  m   W   SVC: UB  it_best/all tm_best/all TmRow: 5 30 300 3600 gap%
1 17 200 239 1 10000 0 0 20 239 
2 17 200 251 1 10000 0 0 26 251 
3 17 200 264 1 10000 0 0 32 264 
4 17 200 258 1 10000 0 0 29 258 
5 17 200 260 1 10000 0 0 30 260 
6 25 200 238 1 10000 0 0 19 238 
7 25 200 262 1 10000 0 0 31 262 
8 25 200 231 1 10000 0 0 16 231 
9 25 200 234 1 10000 0 0 17 234 
10 25 200 225 1 10000 0 0 12 225 
11 29 200 233 1 10000 0 0 16 233 
12 29 200 233 1 10000 0 0 16 233 
13 29 200 231 1 10000 0 0 16 231 
14 29 200 217 1 10000 0 0 8.5 217 
15 29 200 246 1 10000 0 0 23 246 
16 49 200 225 1 10000 0 0 12 225 
17 49 200 238 1 10000 0 0 19 238 
18 49 200 225 1 10000 0 0 12 225 
19 49 200 221 1 10000 0 0 10 221 
20 49 200 226 1 10000 0 0 13 226 
21 73 200 217 1 10000 0 0 8.5 217 
22 73 200 219 1 10000 0 0 9.5 219 
23 73 200 232 1 10000 0 0 16 232 
24 73 200 221 1 10000 0 0 10 221 
25 73 200 224 1 10000 1e-06 0 12 224 
26 97 200 218 1 10000 0 0 9 218 
27 97 200 227 1 10000 0 0 14 227 
28 97 200 226 1 10000 0 0 13 226 
29 97 200 228 1 10000 0 0 14 228 
30 97 200 221 1 10000 0 0 10 221 
31 199 200 206 1 10000 1e-06 0 3 206 
32 199 200 220 1 10000 0 0 10 220 
33 199 200 211 1 10000 0 0 5.5 211 
34 199 200 222 1 10000 1e-06 0 11 222 
35 199 200 214 1 10000 0 0 7 214 

Thu Oct 27 13:53:51 2005
inst  m   W   SVC: UB  it_best/all tm_best/all TmRow: 5 30 300 3600 gap%
1 17 200 222 23 10000 0.00216 1 11 222 
2 17 200 215 21 10000 0.00202 1 7.5 215 
3 17 200 218 5 10000 0.00041 1 9 218 
4 17 200 214 4 10000 0.00036 1 7 214 
5 17 200 200 35 10000 0.00319 1 0 200 
6 25 200 208 4145 10000 0.638 2 4 208 
7 25 200 211 1329 10000 0.218 2 5.5 211 
8 25 200 212 278 10000 0.0495 2 6 212 
9 25 200 211 6451 10000 1.19 2 5.5 211 
10 25 200 211 53 10000 0.00938 2 5.5 211 
11 29 200 209 8114 10000 1.94 2 4.5 209 
12 29 200 216 81 10000 0.0178 2 8 216 
13 29 200 207 277 10000 0.0629 2 3.5 207 
14 29 200 213 1122 10000 0.23 2 6.5 213 
15 29 200 212 348 10000 0.0762 2 6 212 
16 49 200 208 883 10000 0.336 4 4 208 
17 49 200 238 1 10000 0 0 19 238 
18 49 200 225 1 10000 0 0 12 225 
19 49 200 221 1 10000 0 0 10 221 
20 49 200 226 1 10000 0 0 13 226 
21 73 200 217 1 10000 0 0 8.5 217 
22 73 200 219 1 10000 0 0 9.5 219 
23 73 200 232 1 10000 0 0 16 232 
24 73 200 221 1 10000 0 0 10 221 
25 73 200 224 1 10000 0 0 12 224 
26 97 200 218 1 10000 0 0 9 218 
27 97 200 227 1 10000 1e-06 0 14 227 
28 97 200 226 1 10000 0 0 13 226 
29 97 200 228 1 10000 0 0 14 228 
30 97 200 221 1 10000 0 0 10 221 
31 199 200 206 1 10000 1e-06 0 3 206 
32 199 200 220 1 10000 0 0 10 220 
33 199 200 211 1 10000 0 0 5.5 211 
34 199 200 222 1 10000 0 0 11 222 
35 199 200 214 1 10000 1e-06 0 7 214 

Thu Oct 27 13:55:02 2005
inst  m   W   SVC: UB  it_best/all tm_best/all TmRow: 5 30 300 3600 gap%
1 17 200 222 23 10000 0.00209 1 11 222 
2 17 200 215 21 10000 0.00208 1 7.5 215 
3 17 200 218 5 10000 0.000425 1 9 218 
4 17 200 214 4 10000 0.000352 1 7 214 
5 17 200 200 35 10000 0.00322 1 0 200 
6 25 200 208 4145 10000 0.63 2 4 208 
7 25 200 211 1329 10000 0.214 2 5.5 211 
8 25 200 212 278 10000 0.0498 2 6 212 
9 25 200 211 6451 10000 1.19 2 5.5 211 
10 25 200 211 53 10000 0.00938 2 5.5 211 
11 29 200 209 8114 10000 1.93 2 4.5 209 
12 29 200 216 81 10000 0.0175 2 8 216 
13 29 200 207 277 10000 0.0637 2 3.5 207 
14 29 200 213 1122 10000 0.239 2 6.5 213 
15 29 200 212 348 10000 0.0773 2 6 212 
16 49 200 208 883 10000 0.425 5 4 208 
17 49 200 207 135 10000 0.0639 5 3.5 207 
18 49 200 209 250 10000 0.114 5 4.5 209 
19 49 200 207 2359 10000 1.16 5 3.5 207 
20 49 200 207 361 10000 0.174 5 3.5 207 
21 73 200 206 1767 10000 1.55 9 3 206 
22 73 200 206 736 10000 0.663 9 3 206 
23 73 200 206 2091 10000 1.88 9 3 206 

Thu Oct 27 14:36:30 2005
inst  m   W   SVC: UB  it_best/all tm_best/all TmRow: 5 30 300 3600 gap%
1 17 200 222 23 10000 0.0023 1 11 222 
2 17 200 215 21 10000 0.00229 1 7.5 215 
3 17 200 218 5 10000 0.00045 1 9 218 
4 17 200 214 4 10000 0.000364 1 7 214 
5 17 200 200 35 10000 0.00343 1 0 200 
6 25 200 208 4145 10000 0.638 2 4 208 
7 25 200 211 1329 10000 0.217 2 5.5 211 
8 25 200 212 278 10000 0.0523 2 6 212 
9 25 200 211 6451 10000 1.21 2 5.5 211 
10 25 200 211 53 10000 0.00965 2 5.5 211 
11 29 200 209 8114 10000 2 2 4.5 209 
12 29 200 216 81 10000 0.0183 2 8 216 
13 29 200 207 277 10000 0.0668 2 3.5 207 
14 29 200 213 1122 10000 0.233 2 6.5 213 
15 29 200 212 348 10000 0.0793 2 6 212 
16 49 200 208 883 10000 0.442 5 4 208 
17 49 200 207 135 10000 0.0655 5 3.5 207 
18 49 200 209 250 10000 0.119 5 4.5 209 
19 49 200 207 2359 10000 1.21 5 3.5 207 
20 49 200 207 361 10000 0.179 5 3.5 207 
21 73 200 206 1767 10000 1.59 9 3 206 
22 73 200 206 736 10000 0.668 9 3 206 
23 73 200 206 2091 10000 1.87 9 3 206 
24 73 200 206 5928 10000 5.96 10 3 207 206 
25 73 200 206 34 10000 0.0314 9 3 206 206 
26 97 200 204 4015 10000 5.77 14 2 205 204 
27 97 200 205 505 10000 0.705 14 2.5 205 204 
28 97 200 205 2169 10000 3.01 14 2.5 205 204 
29 97 200 204 3323 10000 4.83 15 2 204 204 
30 97 200 205 687 10000 0.995 14 2.5 205 204 
31 199 200 203 831 10000 4.24 51 1.5 203 
32 199 200 202 2263 10000 11.6 51 1 203 202 
33 199 200 202 5706 10000 30.1 53 1 204 202 
34 199 200 202 5172 10000 25.7 50 1 203 202 
35 199 200 202 4835 10000 25.3 52 1 203 202 

Thu Oct 27 14:54:16 2005
inst  m   W   SVC: UB  it_best/all tm_best/all gap%  TmRow: 5 30 300 3600 inf
1 17 200 215 255 10000 0.025 1 7.5 215 215 215 215 215 215 
2 17 200 216 841 10000 0.0883 1 8 216 216 216 216 216 216 
3 17 200 218 11 10000 0.001 1 9 218 218 218 218 218 218 
4 17 200 214 4 10000 0.00038 1 7 214 214 214 214 214 214 
5 17 200 228 1098 10000 0.104 1 14 228 228 228 228 228 228 
6 25 200 208 1744 10000 0.277 2 4 208 208 208 208 208 208 
7 25 200 211 260 10000 0.0416 2 5.5 211 211 211 211 211 211 
8 25 200 209 194 10000 0.0359 2 4.5 209 209 209 209 209 209 
9 25 200 211 894 10000 0.164 2 5.5 211 211 211 211 211 211 
10 25 200 210 147 10000 0.0265 2 5 210 210 210 210 210 210 
11 29 200 210 250 10000 0.0608 2 5 210 210 210 210 210 210 
12 29 200 213 423 10000 0.0935 2 6.5 213 213 213 213 213 213 
13 29 200 210 1015 10000 0.241 2 5 210 210 210 210 210 210 
14 29 200 212 5182 10000 1.08 2 6 212 212 212 212 212 212 
15 29 200 212 1277 10000 0.285 2 6 212 212 212 212 212 212 
16 49 200 208 207 10000 0.107 5 4 208 208 208 208 208 208 
17 49 200 208 409 10000 0.202 5 4 208 208 208 208 208 208 
18 49 200 208 2946 10000 1.4 5 4 208 208 208 208 208 208 

Thu Oct 27 19:35:12 2005
inst  m   W   SVC: UB  it_best/all tm_best/all gap%  TmRow: 5 30 300 3600 inf
1 17 200 211 706520 3036904 21.2 300 5.5 215 211 211 211 211 
2 17 200 215 1000010 2835323 30 300 7.5 216 215 215 215 215 
3 17 200 211 200011 3480236 6.01 300 5.5 218 211 211 211 211 211 
4 17 200 207 3100004 3194127 93.1 300 3.5 214 207 207 207 207 211 
5 17 200 200 100012 3140725 3 300 0 228 200 200 200 200 200 
6 25 200 207 1500005 1868280 45 300 3.5 208 207 207 207 207 
7 25 200 211 260 1785238 0.00781 300 5.5 211 211 211 211 211 211 
8 25 200 209 194 1582332 0.00583 300 4.5 209 209 209 209 209 209 
9 25 200 208 351721 1563434 10.6 300 4 211 208 208 208 208 209 
10 25 200 210 147 1683286 0.00441 300 5 210 210 210 210 210 210 
11 29 200 209 100183 1227230 3.01 300 4.5 210 209 209 209 209 209 
12 29 200 212 900026 1353010 27 300 6 213 212 212 212 212 209 
13 29 200 208 200154 1251810 6.01 300 4 210 208 208 208 208 209 
14 29 200 209 18425 1390068 0.553 300 4.5 209 209 209 209 209 209 
15 29 200 209 1200039 1323828 36 300 4.5 212 209 209 209 209 209 
16 49 200 207 300207 579995 9.02 300 3.5 208 207 207 207 207 
17 49 200 206 500391 604169 15 300 3 208 206 206 206 206 
18 49 200 208 2946 626751 0.0885 300 4 208 208 208 208 208 208 
19 49 200 207 102240 585388 3.07 300 3.5 208 207 207 207 207 208 
20 49 200 208 80730 601950 2.42 300 4 209 208 208 208 208 208 
21 73 200 205 47136 332780 1.42 300 2.5 207 206 205 205 205 205 
22 73 200 205 137905 325285 4.14 300 2.5 206 205 205 205 205 205 
23 73 200 206 3472 327910 0.104 300 3 206 206 206 206 206 206 
24 73 200 205 102798 303041 3.09 300 2.5 206 205 205 205 205 206 
25 73 200 204 161630 319720 4.85 300 2 206 205 204 204 204 204 
26 97 200 203 66105 203572 1.99 300 1.5 205 204 203 203 203 203 
27 97 200 204 13127 211003 0.394 300 2 206 204 204 204 204 204 
28 97 200 205 2916 213212 0.0876 300 2.5 205 205 205 205 205 205 
29 97 200 204 2172 200398 0.0652 300 2 204 204 204 204 204 204 
30 97 200 204 154019 203488 4.63 300 2 205 204 204 204 204 204 
31 199 200 202 10842 57204 0.326 300 1 203 202 202 202 202 
32 199 200 202 5298 56094 0.159 300 1 203 202 202 202 202 202 
33 199 200 202 10929 55257 0.328 300 1 203 202 202 202 202 202 
34 199 200 202 4890 57054 0.147 300 1 203 202 202 202 202 202 
35 199 200 202 12151 54768 0.365 300 1 204 203 202 202 202 202 

Fri Oct 28 04:00:42 2005
inst  m   W   SVC: UB  it_best/all tm_best/all gap%  TmRow: 5 30 300 3600 inf
1 17 200 211 706520 3065979 69.8 300 5.5 215 215 211 211 211 211 
2 17 200 215 1000010 2878684 104 300 7.5 216 216 215 215 215 215 
3 17 200 211 200011 3513023 17.5 300 5.5 218 211 211 211 211 211 
4 17 200 207 3100004 3216399 289 300 3.5 214 214 207 207 207 207 
5 17 200 200 100012 3149689 9.17 300 0 228 200 200 200 200 200 
6 25 200 207 1500005 1866370 241 300 3.5 208 208 207 207 207 207 
7 25 200 211 260 1796218 0.04 300 5.5 211 211 211 211 211 211 
8 25 200 209 194 1584264 0.04 300 4.5 209 209 209 209 209 209 
9 25 200 208 351721 1572373 66.4 300 4 211 211 208 208 208 208 
10 25 200 210 147 1686649 0.02 300 5 210 210 210 210 210 210 
11 29 200 209 100183 1225242 24.3 300 4.5 210 209 209 209 209 209 
12 29 200 212 900026 1361749 199 300 6 213 213 212 212 212 212 
13 29 200 208 200154 1254892 48 300 4 210 210 208 208 208 208 
14 29 200 209 18425 1394990 3.9 300 4.5 209 209 209 209 209 209 
15 29 200 209 1200039 1328555 272 300 4.5 212 212 209 209 209 209 
16 49 200 207 300207 584018 154 300 3.5 208 208 207 207 207 207 
17 49 200 206 500391 605139 248 300 3 208 208 206 206 206 206 
18 49 200 208 2946 626136 1.37 300 4 208 208 208 208 208 208 
19 49 200 207 102240 587041 52.1 300 3.5 208 208 207 207 207 207 
20 49 200 208 80730 602151 40.7 300 4 209 209 208 208 208 208 
21 73 200 205 47136 335721 41.9 300 2.5 207 206 205 205 205 205 
22 73 200 205 137905 327964 125 300 2.5 206 206 205 205 205 205 
23 73 200 206 3472 330073 3.07 300 3 206 206 206 206 206 206 
24 73 200 205 102798 304633 102 300 2.5 206 206 205 205 205 205 
25 73 200 204 161630 323104 150 300 2 206 205 204 204 204 204 
26 97 200 203 66105 206099 96.2 300 1.5 205 204 203 203 203 203 
27 97 200 204 13127 213281 18.7 300 2 206 204 204 204 204 204 
28 97 200 205 2916 214762 4.06 300 2.5 205 205 205 205 205 205 
29 97 200 204 2172 202687 3.09 300 2 204 204 204 204 204 204 
30 97 200 204 154019 205102 225 300 2 205 205 204 204 204 204 
31 199 200 202 10842 57572 54.7 300 1 203 203 202 202 202 202 
32 199 200 202 5298 56376 26.3 300 1 203 202 202 202 202 202 
33 199 200 202 10929 55447 56.9 300 1 203 203 202 202 202 202 
34 199 200 202 4890 57396 23.9 300 1 203 202 202 202 202 202 
35 199 200 202 12151 55134 64.1 300 1 204 203 202 202 202 202 

Tue Nov  1 17:50:53 2005
inst  m   W   SVC: UB  it_best/all tm_best/all gap%  TmRow: 5 30 300 3600 36000 inf

Tue Nov  1 18:01:21 2005
inst  m   W   SVC: UB  it_best/all tm_best/all gap%  TmRow: 5 30 300 3600 36000 inf

Tue Nov  1 18:04:40 2005
inst  m   W   SVC: UB  it_best/all tm_best/all gap%  TmRow: 5 30 300 3600 36000 inf

Tue Nov  1 18:07:19 2005
inst  m   W   SVC: UB  it_best/all tm_best/all gap%  TmRow: 5 30 300 3600 36000 inf

Wed Nov  2 01:13:41 2005
inst  m   W   SVC: UB  it_best/all tm_best/all gap%  TmRow: 5 30 300 3600 36000 inf
1 17 200 202 210002 3255114 21.4 330 1 209 202 202 202 202 202 
2 17 200 200 553 554 0.06 0 0 200 200 200 200 200 200 
3 17 200 200 40001 40002 4 4 0 200 200 200 200 200 200 
4 17 200 200 10035 10036 1.02 1 0 200 200 200 200 200 200 
5 17 200 200 606 607 0.05 0 0 200 200 200 200 200 200 
6 25 200 205 2155 1952880 0.35 330 2.5 205 205 205 205 205 205 
7 25 200 208 220069 1849111 39.4 330 4 210 209 208 208 208 208 
8 25 200 209 871 1704694 0.16 330 4.5 209 209 209 209 209 209 
9 25 200 207 888 1692161 0.17 330 3.5 207 207 207 207 207 207 
10 25 200 205 1109007 1785311 205 330 2.5 209 206 205 205 205 205 
11 29 200 208 723 1309081 0.19 330 4 208 208 208 208 208 208 
12 29 200 207 830386 1422313 193 330 3.5 210 208 207 207 207 207 
13 29 200 206 22515 1367161 5.47 330 3 208 206 206 206 206 206 
14 29 200 206 323896 1536318 69.7 330 3 208 208 206 206 206 206 
15 29 200 207 736882 1395682 174 330 3.5 208 208 207 207 207 207 
16 49 200 205 41221 693435 19.6 330 2.5 206 205 205 205 205 205 
17 49 200 204 87173 707813 40.6 330 2 205 205 204 204 204 204 
18 49 200 205 16612 719702 7.63 330 2.5 207 205 205 205 205 205 
19 49 200 204 82248 692409 39.1 330 2 205 205 204 204 204 204 
20 49 200 204 10543 696065 4.98 330 2 204 204 204 204 204 204 
21 73 200 204 16919 399977 13.9 330 2 205 204 204 204 204 204 
22 73 200 203 192996 404268 158 330 1.5 204 204 203 203 203 203 
23 73 200 203 224688 405720 183 330 1.5 204 204 203 203 203 203 
24 73 200 204 134784 376394 118 330 2 205 205 204 204 204 204 
25 73 200 204 15858 392151 13.3 330 2 205 204 204 204 204 204 
26 97 200 202 71178 268009 87.6 330 1 203 203 202 202 202 202 
27 97 200 203 10981 267108 13.7 330 1.5 204 203 203 203 203 203 
28 97 200 203 5566 269859 6.76 330 1.5 204 203 203 203 203 203 
29 97 200 203 1516 265440 1.83 330 1.5 203 203 203 203 203 203 
30 97 200 203 3209 259787 4.12 330 1.5 203 203 203 203 203 203 
31 199 200 202 770 84733 2.84 330 1 202 202 202 202 202 202 
32 199 200 202 2128 84242 8.1 330 1 203 202 202 202 202 202 
33 199 200 202 602 83387 2.2 330 1 202 202 202 202 202 202 
34 199 200 202 469 84852 1.69 330 1 202 202 202 202 202 202 
35 199 200 202 2119 81529 8.34 330 1 203 202 202 202 202 202 

Fri Nov 18 13:35:11 2005
inst  m   W   SVC: UB  it_best/all tm_best/all gap%  TmRow: 10 60 inf ave^
31 199 200 203 59 10187 0.18 30 1.5 203 203 203 203
32 199 200 203 111 8239 0.41 30 1.5 203 203 203 203
33 199 200 203 2697 8599 9.37 30 1.5 203 203 203 203
34 199 200 202 248 8741 0.85 30 1 202 202 202 202.75
35 199 200 203 2299 7840 8.79 30 1.5 203 203 203 202.8

Fri Nov 18 13:46:53 2005
inst  m   W   SVC: UB  it_best/all tm_best/all gap%  TmRow: 10 60 inf ave^

Fri Nov 18 13:48:12 2005
inst  m   W   SVC: UB  it_best/all tm_best/all gap%  TmRow: 10 60 inf ave^

Fri Nov 18 13:50:58 2005
inst  m   W   SVC: UB  it_best/all tm_best/all gap%  TmRow: 10 60 inf ave^
31 199 200 203 222 500 13.6 31 1.5 204 203 203 203

Fri Nov 18 13:56:14 2005
inst  m   W   SVC: UB  it_best/all tm_best/all gap%  TmRow: 10 60 inf ave^
31 199 200 202 2711 4651 17.9 31 1 203 202 202 202
32 199 200 202 2274 4574 15.1 30 1 203 202 202 202
33 199 200 203 435 4492 2.86 30 1.5 203 203 203 202.333
34 199 200 202 3947 4652 25.9 30 1 203 202 202 202.25
35 199 200 202 375 4508 2.62 31 1 202 202 202 202.2

Fri Nov 18 14:54:00 2005

[BL] fImproved 1 pInvertShove 0 0.03  [Solver] instFirst 31 instLast 1000000 statPeriod 5 fWriteSolution 0 [Sub_2DSPP] nScaleW 1 vsp -1 0  pTower 0 0.4  pChangeP_TIP 0.01 pInvertHole 0 0.05  pPermutateHole 0.8 1  pBubbleHole 0.6 0.9  [SVC_2DSPP] MaxTime 30 MaxIter 1e+100 NIterRandom 0 NIterSVC 1 MaxPerturb_RelVal 0.0001 ValReset 1000 19000  Decoder_Sub_BL 0 blockw_pow 2.1 0.1  p_bwpnew 0.1 BaseOrdering 2 1 1 1 0  p_choose 0.6 0.6  
inst  m   W   SVC: UB  it_best/all tm_best/all gap%  TmRow: 10 60 inf ave_best^
31 199 200 202 2036 4672 13.3 31 1 203 202 202 202
32 199 200 202 904 4738 5.88 31 1 202 202 202 202
33 199 200 203 742 4606 4.87 31 1.5 203 203 203 202.333
34 199 200 202 1686 4653 11.1 30 1 203 202 202 202.25
35 199 200 202 1754 4481 11.8 30 1 203 202 202 202.2

Fri Nov 18 14:58:40 2005

[BL] fImproved 1 pInvertShove 0 0.03  [Solver] instFirst 31 instLast 1000000 statPeriod 5 fWriteSolution 0 [Sub_2DSPP] nScaleW 2 vsp -1 0  pTower 0 0.4  pChangeP_TIP 0.01 pInvertHole 0 0.05  pPermutateHole 0.8 1  pBubbleHole 0.6 0.9  [SVC_2DSPP] MaxTime 30 MaxIter 1e+100 NIterRandom 0 NIterSVC 1 MaxPerturb_RelVal 0.0001 ValReset 1000 19000  Decoder_Sub_BL 0 blockw_pow 2.1 0.1  p_bwpnew 0.1 BaseOrdering 2 1 1 1 0  p_choose 0.6 0.6  
inst  m   W   SVC: UB  it_best/all tm_best/all gap%  TmRow: 10 60 inf ave_best^
31 199 200 202 969 4754 6.16 31 1 202 202 202 202
32 199 200 202 1213 4670 7.78 30 1 202 202 202 202
33 199 200 202 966 4703 6.23 31 1 202 202 202 202
34 199 200 202 2175 4761 13.8 30 1 203 202 202 202
35 199 200 202 775 4620 5.06 31 1 202 202 202 202

Fri Nov 18 16:22:05 2005

[BL] fImproved 1 pInvertShove 0 0.03  [Solver] instFirst 31 instLast 1000000 statPeriod 5 fWriteSolution 0 [Sub_2DSPP] nScaleW 1 vsp -1 0  pTower 0 0.4  pChangeP_TIP 0.01 pInvertHole 0 0.05  pPermutateHole 0.8 1  pBubbleHole 0.6 0.9  [SVC_2DSPP] MaxTime 30 MaxIter 1e+100 NIterRandom 0 NIterSVC 1 ValReset 1000 19000  Decoder_Sub_BL 0 blockw_pow 2.1 0.1  p_bwpnew 0.1 BaseOrdering 2 1 1 1 0  p_choose 0.6 0.6  
inst  m   W   SVC: UB  it_best/all tm_best/all gap%  TmRow: 10 60 inf ave_best^
31 199 200 203 158 542 8.87 31 1.5 203 203 203 203
32 199 200 203 222 533 12.7 31 1.5 204 203 203 203

Fri Nov 18 16:23:25 2005

[BL] fImproved 1 pInvertShove 0 0.03  [Solver] instFirst 31 instLast 1000000 statPeriod 5 fWriteSolution 0 [Sub_2DSPP] nScaleW 1 vsp -1 0  pTower 0 0.4  pChangeP_TIP 0.01 pInvertHole 0 0.05  pPermutateHole 0.8 1  pBubbleHole 0.6 0.9  [SVC_2DSPP] MaxTime 90 MaxIter 1e+100 NIterRandom 0 NIterSVC 1 ValReset 1000 19000  Decoder_Sub_BL 0 blockw_pow 2.1 0.1  p_bwpnew 0.1 BaseOrdering 2 1 1 1 0  p_choose 0.6 0.6  
inst  m   W   SVC: UB  it_best/all tm_best/all gap%  TmRow: 10 60 inf ave_best^
31 199 200 203 158 1591 8.73 90 1.5 203 203 203 203
32 199 200 202 975 1575 55.6 90 1 204 202 202 202.5
33 199 200 203 440 1552 24.8 90 1.5 204 203 203 202.667
34 199 200 203 31 1655 1.72 90 1.5 203 203 203 202.75
35 199 200 203 308 1577 17.6 90 1.5 204 203 203 202.8

Fri Nov 18 16:40:13 2005

[BL] fImproved 1 pInvertShove 0 0.03  [Solver] instFirst 31 instLast 1000000 statPeriod 5 fWriteSolution 0 [Sub_2DSPP] nScaleW 1 vsp -1 0  pTower 0 0.4  pChangeP_TIP 0.01 pInvertHole 0 0.05  pPermutateHole 0.8 1  pBubbleHole 0.6 0.9  [SVC_2DSPP] MaxTime 90 MaxIter 1e+100 NIterRandom 0 NIterSVC 1 ValReset 1000 19000  Decoder_Sub_BL 0 blockw_pow 2.1 0.1  p_bwpnew 0.1 BaseOrdering 2 1 1 1 0  p_choose 0.6 0.6  
inst  m   W   SVC: UB  it_best/all tm_best/all gap%  TmRow: 10 60 inf ave_best^

Fri Nov 18 16:40:34 2005

[BL] fImproved 1 pInvertShove 0 0.03  [Solver] instFirst 31 instLast 1000000 statPeriod 5 fWriteSolution 0 [Sub_2DSPP] nScaleW 1 vsp -1 0  pTower 0 0.4  pChangeP_TIP 0.01 pInvertHole 0 0.05  pPermutateHole 0.8 1  pBubbleHole 0.6 0.9  [SVC_2DSPP] MaxTime 90 MaxIter 1e+100 NIterRandom 0 NIterSVC 1 ValReset 1000 19000  Decoder_Sub_BL 0 blockw_pow 2.1 0.1  p_bwpnew 0.1 BaseOrdering 2 1 1 1 0  p_choose 0.6 0.6  
inst  m   W   SVC: UB  it_best/all tm_best/all gap%  TmRow: 10 60 inf ave_best^

Fri Nov 18 16:40:43 2005

[BL] fImproved 1 pInvertShove 0 0.03  [Solver] instFirst 31 instLast 1000000 statPeriod 5 fWriteSolution 0 [Sub_2DSPP] nScaleW 1 vsp -1 0  pTower 0 0.4  pChangeP_TIP 0.01 pInvertHole 0 0.05  pPermutateHole 0.8 1  pBubbleHole 0.6 0.9  [SVC_2DSPP] MaxTime 90 MaxIter 1e+100 NIterRandom 0 NIterSVC 1 ValReset 1000 19000  Decoder_Sub_BL 0 blockw_pow 2.1 0.1  p_bwpnew 0.1 BaseOrdering 2 1 1 1 0  p_choose 0.6 0.6  
inst  m   W   SVC: UB  it_best/all tm_best/all gap%  TmRow: 10 60 inf ave_best^
31 199 200 202 1560 1691 83.8 91 1 203 203 202 202
32 199 200 202 1339 1626 74.4 91 1 203 203 202 202
33 199 200 203 51 1631 2.77 91 1.5 203 203 203 202.333
34 199 200 203 300 1668 15.8 91 1.5 204 203 203 202.5
35 199 200 203 547 1635 30 91 1.5 204 203 203 202.6

Fri Nov 18 16:49:19 2005

[BL] fImproved 1 pInvertShove 0 0.03  [Solver] instFirst 31 instLast 1000000 statPeriod 5 fWriteSolution 0 [Sub_2DSPP] nScaleW 1 vsp -1 0  pTower 0 0.4  pChangeP_TIP 0.01 pInvertHole 0 0.05  pPermutateHole 0.8 1  pBubbleHole 0.6 0.9  [SVC_2DSPP] MaxTime 190 MaxIter 1e+100 NIterRandom 0 NIterSVC 1 ValReset 1000 19000  Decoder_Sub_BL 0 blockw_pow 2.1 0.1  p_bwpnew 0.1 BaseOrdering 2 1 1 1 0  p_choose 0.6 0.6  
inst  m   W   SVC: UB  it_best/all tm_best/all gap%  TmRow: 10 60 inf ave_best^
31 199 200 203 545 2982 34.2 190 1.5 204 203 203 203
32 199 200 202 957 2933 61.5 191 1 203 203 202 202.5

Fri Nov 18 16:56:21 2005

[BL] fImproved 1 pInvertShove 0 0.03  [Solver] instFirst 31 instLast 1000000 statPeriod 5 fWriteSolution 0 [Sub_2DSPP] nScaleW 1 vsp -1 0  pTower 0 0.4  pChangeP_TIP 0.01 pInvertHole 0 0.05  pPermutateHole 0.8 1  pBubbleHole 0.6 0.9  [SVC_2DSPP] MaxTime 190 MaxIter 1e+100 NIterRandom 0 NIterSVC 1 ValReset 1000 19000  Decoder_Sub_BL 0 blockw_pow 2.1 0.1  p_bwpnew 0.1 BaseOrdering 2 1 1 1 0  p_choose 0.6 0.6  
inst  m   W   SVC: UB  it_best/all tm_best/all gap%  TmRow: 10 60 inf ave_best^

Fri Nov 18 17:01:40 2005

[BL] fImproved 1 pInvertShove 0 0.03  [Solver] instFirst 31 instLast 1000000 statPeriod 5 fWriteSolution 0 [Sub_2DSPP] nScaleW 1 vsp -1 0  pTower 0 0.4  pChangeP_TIP 0.01 pInvertHole 0 0.05  pPermutateHole 0.8 1  pBubbleHole 0.6 0.9  [SVC_2DSPP] MaxTime 190 MaxIter 1e+100 NIterRandom 0 NIterSVC 1 ValReset 1000 19000  Decoder_Sub_BL 0 blockw_pow 2.1 0.1  p_bwpnew 0.1 BaseOrdering 2 1 1 1 0  p_choose 0.6 0.6  
inst  m   W   SVC: UB  it_best/all tm_best/all gap%  TmRow: 10 60 inf ave_best^
31 199 200 202 2201 3789 110 190 1 203 203 202 202
32 199 200 202 1360 3777 67.4 190 1 204 203 202 202
33 199 200 203 215 3711 10.7 190 1.5 204 203 203 202.333

Fri Nov 18 17:21:50 2005

[BL] fImproved 1 pInvertShove 0 0.03  [Solver] instFirst 32 instLast 1000000 statPeriod 5 fWriteSolution 0 [Sub_2DSPP] nScaleW 1 vsp -1 0  pTower 0 0.4  pChangeP_TIP 0.01 pInvertHole 0 0.05  pPermutateHole 0.8 1  pBubbleHole 0.6 0.9  [SVC_2DSPP] MaxTime 190 MaxIter 1e+100 NIterRandom 0 NIterSVC 1 MaxPerturb_RelVal 0.0001 ValReset 1000 19000  Decoder_Sub_BL 0 blockw_pow 2.1 0.1  p_bwpnew 0.1 BaseOrdering 2 1 1 1 0  p_choose 0.6 0.6  
inst  m   W   SVC: UB  it_best/all tm_best/all gap%  TmRow: 10 60 inf ave_best^

Fri Nov 18 17:23:05 2005

[BL] fImproved 1 pInvertShove 0 0.03  [Solver] instFirst 34 instLast 1000000 statPeriod 5 fWriteSolution 0 [Sub_2DSPP] nScaleW 1 vsp -1 0  pTower 0 0.4  pChangeP_TIP 0.01 pInvertHole 0 0.05  pPermutateHole 0.8 1  pBubbleHole 0.6 0.9  [SVC_2DSPP] MaxTime 190 MaxIter 1e+100 NIterRandom 0 NIterSVC 1 ValReset 1000 19000  Decoder_Sub_BL 0 blockw_pow 2.1 0.1  p_bwpnew 0.1 BaseOrdering 2 1 1 1 0  p_choose 0.6 0.6  
inst  m   W   SVC: UB  it_best/all tm_best/all gap%  TmRow: 10 60 inf ave_best^

Fri Nov 18 17:24:02 2005

[BL] fImproved 1 pInvertShove 0 0.03  [Solver] instFirst 32 instLast 1000000 statPeriod 5 fWriteSolution 0 [Sub_2DSPP] nScaleW 1 vsp -1 0  pTower 0 0.4  pChangeP_TIP 0.01 pInvertHole 0 0.05  pPermutateHole 0.8 1  pBubbleHole 0.6 0.9  [SVC_2DSPP] MaxTime 190 MaxIter 1e+100 NIterRandom 0 NIterSVC 1 ValReset 1000 19000  Decoder_Sub_BL 0 blockw_pow 2.1 0.1  p_bwpnew 0.1 BaseOrdering 2 1 1 1 0  p_choose 0.6 0.6  
inst  m   W   SVC: UB  it_best/all tm_best/all gap%  TmRow: 10 60 inf ave_best^

Fri Nov 18 17:24:16 2005

[BL] fImproved 1 pInvertShove 0 0.03  [Solver] instFirst 31 instLast 1000000 statPeriod 5 fWriteSolution 0 [Sub_2DSPP] nScaleW 1 vsp -1 0  pTower 0 0.4  pChangeP_TIP 0.01 pInvertHole 0 0.05  pPermutateHole 0.8 1  pBubbleHole 0.6 0.9  [SVC_2DSPP] MaxTime 190 MaxIter 1e+100 NIterRandom 0 NIterSVC 1 ValReset 1000 19000  Decoder_Sub_BL 0 blockw_pow 2.1 0.1  p_bwpnew 0.1 BaseOrdering 2 1 1 1 0  p_choose 0.6 0.6  
inst  m   W   SVC: UB  it_best/all tm_best/all gap%  TmRow: 10 60 inf ave_best^

Fri Nov 18 17:34:11 2005

[BL] fImproved 1 pInvertShove 0 0.03  [Solver] instFirst 31 instLast 1000000 statPeriod 5 fWriteSolution 0 [Sub_2DSPP] nScaleW 1 vsp -1 0  pTower 0 0.4  pChangeP_TIP 0.01 pInvertHole 0 0.05  pPermutateHole 0.8 1  pBubbleHole 0.6 0.9  [SVC_2DSPP] MaxTime 190 MaxIter 1e+100 NIterRandom 0 NIterSVC 1 ValReset 1000 19000  Decoder_Sub_BL 0 blockw_pow 2.1 0.1  p_bwpnew 0.1 BaseOrdering 2 1 1 1 0  p_choose 0.6 0.6  
inst  m   W   SVC: UB  it_best/all tm_best/all gap%  TmRow: 10 60 inf ave_best^

Fri Nov 18 17:42:44 2005

[BL] fImproved 1 pInvertShove 0 0.03  [Solver] instFirst 31 instLast 1000000 statPeriod 5 fWriteSolution 0 [Sub_2DSPP] nScaleW 1 vsp -1 0  pTower 0 0.4  pChangeP_TIP 0.01 pInvertHole 0 0.05  pPermutateHole 0.8 1  pBubbleHole 0.6 0.9  [SVC_2DSPP] MaxTime 190 MaxIter 1e+100 NIterRandom 0 NIterSVC 1 MaxPerturb_RelVal 0.0001 ValReset 1000 19000  Decoder_Sub_BL 0 blockw_pow 2.1 0.1  p_bwpnew 0.1 BaseOrdering 2 1 1 1 0  p_choose 0.6 0.6  
inst  m   W   SVC: UB  it_best/all tm_best/all gap%  TmRow: 10 60 inf ave_best^

Fri Nov 18 17:45:07 2005

[BL] fImproved 1 pInvertShove 0 0.03  [Solver] instFirst 35 instLast 1000000 statPeriod 5 fWriteSolution 0 [Sub_2DSPP] nScaleW 1 vsp -1 0  pTower 0 0.4  pChangeP_TIP 0.01 pInvertHole 0 0.05  pPermutateHole 0.8 1  pBubbleHole 0.6 0.9  [SVC_2DSPP] MaxTime 190 MaxIter 1e+100 NIterRandom 0 NIterSVC 1 MaxPerturb_RelVal 0.0001 ValReset 1000 19000  Decoder_Sub_BL 0 blockw_pow 2.1 0.1  p_bwpnew 0.1 BaseOrdering 2 1 1 1 0  p_choose 0.6 0.6  
inst  m   W   SVC: UB  it_best/all tm_best/all gap%  TmRow: 10 60 inf ave_best^
35 199 200 202 1541 29302 9.79 190 1 202 202 202 202

Fri Nov 18 17:49:59 2005

[BL] fImproved 1 pInvertShove 0 0.03  [Solver] instFirst 1 instLast 1000000 statPeriod 5 fWriteSolution 0 [Sub_2DSPP] nScaleW 1 vsp -1 0  pTower 0 0.4  pChangeP_TIP 0.01 pInvertHole 0 0.05  pPermutateHole 0.8 1  pBubbleHole 0.6 0.9  [SVC_2DSPP] MaxTime 190 MaxIter 1e+100 NIterRandom 0 NIterSVC 1 MaxPerturb_RelVal 0.0001 ValReset 1000 19000  Decoder_Sub_BL 0 blockw_pow 2.1 0.1  p_bwpnew 0.1 BaseOrdering 2 1 1 1 0  p_choose 0.6 0.6  
inst  m   W   SVC: UB  it_best/all tm_best/all gap%  TmRow: 10 60 inf ave_best^
1 17 200 209 6125 1005637 1.16 190 4.5 209 209 209 209
2 17 200 200 235569 235569 48 48 0 212 200 200 204.5
3 17 200 200 422665 422665 77.4 77 0 206 206 200 203
4 17 200 200 648536 648536 116 116 0 205 205 200 202.25
5 17 200 200 8900 8900 1.7 2 0 200 200 200 201.8

Fri Nov 18 17:58:52 2005

[BL] fImproved 1 pInvertShove 0 0.03  [Solver] instFirst 1 instLast 1000000 statPeriod 5 fWriteSolution 0 [Sub_2DSPP] nScaleW 1 vsp -1 0  pTower 0 0.4  pChangeP_TIP 0.01 pInvertHole 0 0.05  pPermutateHole 0.8 1  pBubbleHole 0.6 0.9  [SVC_2DSPP] MaxTime 190 MaxIter 1e+100 NIterRandom 0 NIterSVC 1 ValReset 1000 19000  Decoder_Sub_BL 0 blockw_pow 2.1 0.1  p_bwpnew 0.1 BaseOrdering 2 1 1 1 0  p_choose 0.6 0.6  
inst  m   W   SVC: UB  it_best/all tm_best/all gap%  TmRow: 10 60 inf ave_best^
1 17 200 209 2613 982798 0.51 191 4.5 209 209 209 209
2 17 200 200 76889 76889 16 16 0 212 200 200 204.5
3 17 200 206 2304 1022311 0.43 190 3 206 206 206 205
4 17 200 200 188232 188232 34.5 34 0 205 200 200 203.75
5 17 200 200 4049 4049 0.79 1 0 200 200 200 203
6 25 200 205 701 589145 0.23 191 2.5 205 205 205 203.333
7 25 200 212 147326 557511 50.5 191 6 213 212 212 204.571
8 25 200 209 108 527081 0.03 191 4.5 209 209 209 205.125
9 25 200 207 2518 495105 0.96 191 3.5 207 207 207 205.333
10 25 200 208 133 533928 0.05 191 4 208 208 208 205.6
11 29 200 206 304060 386899 149 190 3 208 207 206 205.636
12 29 200 207 1484 434906 0.66 190 3.5 207 207 207 205.75

Fri Nov 18 18:37:11 2005

[BL] fImproved 1 pInvertShove 0 0.03  [Solver] instFirst 1 instLast 1000000 statPeriod 5 fWriteSolution 0 [Sub_2DSPP] nScaleW 1 vsp -1 0  pTower 0 0.4  pChangeP_TIP 0.01 pInvertHole 0 0.05  pPermutateHole 0.8 1  pBubbleHole 0.6 0.9  [SVC_2DSPP] MaxTime 190 MaxIter 1e+100 NIterRandom 0 NIterSVC 1 ValReset 1000 19000  Decoder_Sub_BL 0 blockw_pow 2.1 0.1  p_bwpnew 0.1 BaseOrdering 2 1 1 1  p_choose 0.6 0.6  
inst  m   W   SVC: UB  it_best/all tm_best/all gap%  TmRow: 10 60 inf ave_best^

Fri Nov 18 18:41:40 2005

[BL] fImproved 1 pInvertShove 0 0.03  [Solver] instFirst 2 instLast 1000000 statPeriod 5 fWriteSolution 0 [Sub_2DSPP] nScaleW 1 vsp -1 0  pTower 0 0.4  pChangeP_TIP 0.01 pInvertHole 0 0.05  pPermutateHole 0.8 1  pBubbleHole 0.6 0.9  [SVC_2DSPP] MaxTime 19 MaxIter 1e+100 NIterRandom 0 NIterSVC 1 ValReset 1000 19000  Decoder_Sub_BL 0 blockw_pow 2.1 0.1  p_bwpnew 0.1 BaseOrdering 2 1 1 1  p_choose 0.6 0.6  
inst  m   W   SVC: UB  it_best/all tm_best/all gap%  TmRow: 10 60 inf ave_best^
2 17 200 207 31870 99178 6.31 20 3.5 207 207 207 207
3 17 200 206 1915 106272 0.34 19 3 206 206 206 206.5

Fri Nov 18 18:42:25 2005

[BL] fImproved 1 pInvertShove 0 0.03  [Solver] instFirst 2 instLast 1000000 statPeriod 5 fWriteSolution 0 [Sub_2DSPP] nScaleW 1 vsp -1 0  pTower 0 0.4  pChangeP_TIP 0.01 pInvertHole 0 0.05  pPermutateHole 0.8 1  pBubbleHole 0.6 0.9  [SVC_2DSPP] MaxTime 19 MaxIter 1e+100 NIterRandom 0 NIterSVC 1 MaxPerturb_RelVal 0.0001 ValReset 1000 19000  Decoder_Sub_BL 0 blockw_pow 2.1 0.1  p_bwpnew 0.1 BaseOrdering 2 1 1 1 0  p_choose 0.6 0.6  
inst  m   W   SVC: UB  it_best/all tm_best/all gap%  TmRow: 10 60 inf ave_best^
2 17 200 212 72 97957 0.02 20 6 212 212 212 212
3 17 200 206 228 109756 0.04 20 3 206 206 206 209

Fri Nov 18 18:44:43 2005

[BL] fImproved 1 pInvertShove 0 0.03  [Solver] instFirst 33 instLast 1000000 statPeriod 5 fWriteSolution 0 [Sub_2DSPP] nScaleW 1 vsp -1 0  pTower 0 0.4  pChangeP_TIP 0.01 pInvertHole 0 0.05  pPermutateHole 0.8 1  pBubbleHole 0.6 0.9  [SVC_2DSPP] MaxTime 19 MaxIter 1e+100 NIterRandom 0 NIterSVC 1 ValReset 1000 19000  Decoder_Sub_BL 0 blockw_pow 2.1 0.1  p_bwpnew 0.1 BaseOrdering 2 1 1 1  p_choose 0.6 0.6  
inst  m   W   SVC: UB  it_best/all tm_best/all gap%  TmRow: 10 60 inf ave_best^
33 199 200 203 366 3504 1.98 20 1.5 203 203 203 203
34 199 200 202 970 3404 5.34 19 1 202 202 202 202.5
35 199 200 203 245 3290 1.38 19 1.5 203 203 203 202.667

Fri Nov 18 18:54:06 2005

[BL] fImproved 1 pInvertShove 0 0.03  [Solver] instFirst 1 instLast 1000000 statPeriod 5 fWriteSolution 0 [Sub_2DSPP] nScaleW 1 vsp -1 0  pTower 0 0.4  pChangeP_TIP 0.01 pInvertHole 0 0.05  pPermutateHole 0.8 1  pBubbleHole 0.6 0.9  [SVC_2DSPP] MaxTime 190 MaxIter 1e+100 NIterRandom 0 NIterSVC 1 ValReset 1000 19000  Decoder_Sub_BL 0 blockw_pow 2.1 0.1  p_bwpnew 0.1 BaseOrdering 2 1 1 1  p_choose 0.6 0.6  
inst  m   W   SVC: UB  it_best/all tm_best/all gap%  TmRow: 10 60 inf ave_best^
1 17 200 200 42442 42442 8.28 8 0 200 200 200 200
2 17 200 207 17 913289 0.01 191 3.5 207 207 207 203.5
3 17 200 206 134 1015161 0.03 190 3 206 206 206 204.333
4 17 200 200 539291 539291 98.8 99 0 205 205 200 203.25
5 17 200 200 224291 224291 43.8 44 0 216 200 200 202.6
6 25 200 205 9099 584761 2.97 190 2.5 205 205 205 203
7 25 200 211 411818 554950 141 190 5.5 214 213 211 204.143
8 25 200 209 344 527600 0.12 191 4.5 209 209 209 204.75
9 25 200 207 1148 501281 0.44 191 3.5 207 207 207 205
10 25 200 206 288566 544138 101 191 3 208 208 206 205.1
11 29 200 206 69450 393475 33.5 190 3 208 206 206 205.182
12 29 200 207 1108 442607 0.47 190 3.5 207 207 207 205.333
13 29 200 206 113367 421826 51.4 191 3 207 206 206 205.385
14 29 200 204 23 469325 0.01 191 2 204 204 204 205.286
15 29 200 208 1889 449955 0.8 191 4 208 208 208 205.467
16 49 200 205 254 219070 0.21 191 2.5 205 205 205 205.438
17 49 200 204 46624 218660 40.8 191 2 205 204 204 205.353
18 49 200 205 16758 228855 14 191 2.5 206 205 205 205.333
19 49 200 204 184051 218545 161 191 2 205 205 204 205.263
20 49 200 205 10190 223557 8.65 190 2.5 205 205 205 205.25
21 73 200 203 90313 133348 129 190 1.5 205 204 203 205.143
22 73 200 203 55256 133734 78.9 190 1.5 204 204 203 205.045
23 73 200 204 1953 133572 2.76 190 2 204 204 204 205
24 73 200 204 70035 126814 105 190 2 205 205 204 204.958
25 73 200 204 11590 130739 16.9 191 2 205 204 204 204.92
26 97 200 203 1228 92218 2.5 190 1.5 203 203 203 204.846
27 97 200 203 35357 91169 74.1 190 1.5 204 204 203 204.778
28 97 200 203 1342 93093 2.72 191 1.5 203 203 203 204.714
29 97 200 203 820 91724 1.69 191 1.5 203 203 203 204.655
30 97 200 203 11786 88311 25.3 190 1.5 204 203 203 204.6
31 199 200 202 2594 33215 14.5 191 1 203 202 202 204.516
32 199 200 202 1227 32606 6.76 191 1 202 202 202 204.438
33 199 200 202 1261 32037 7.16 190 1 202 202 202 204.364
34 199 200 202 327 32663 1.78 190 1 202 202 202 204.294
35 199 200 202 2173 31852 12.6 190 1 203 202 202 204.229

Sat Nov 19 21:36:19 2005

[BL] fImproved 1 pInvertShove 0 0.03  [Solver] instFirst 34 instLast 1000000 statPeriod 5 fWriteSolution 0 [Sub_2DSPP] nScaleW 1 vsp -1 0  pTower 0 0.4  pChangeP_TIP 0.01 pInvertHole 0 0.05  pPermutateHole 0.8 1  pBubbleHole 0.6 0.9  [SVC_2DSPP] MaxTime 190 MaxIter 1e+100 NIterRandom 0 NIterSVC 1 ValReset 1000 19000  blockw_pow 2.1 0.1  p_bwpnew 0.1 BaseOrdering 2 1 1 1  p_choose 0.6 0.6  
inst  m   W   SVC: UB  it_best/all tm_best/all gap%  TmRow: 10 60 inf ave_best^

Tue Nov 22 13:49:53 2005

[BL] fImproved 1 pInvertShove 0 0.03  [Solver] instFirst 31 instLast 1000000 statPeriod 5 fWriteSolution 0 [Sub_2DSPP] nScaleW 1 vsp -1.5 0.5  pTower 0 0.4  pChangeP_TIP 0.01 pInvertHole 0 0.05  pPermutateHole 0.8 1  pBubbleHole 0.6 0.9  [SVC_2DSPP] MaxTime 190 MaxIter 1e+100 NIterRandom 0 NIterSVC 1 ValReset 1000 19000  blockw_pow 2.1 0.1  p_bwpnew 0.1 BaseOrdering 2 1 1 1  p_choose 0.6 0.6  
inst  m   W   SVC: UB  it_best/all tm_best/all gap%  TmRow: 10 60 inf ave_best^
